# GRID
# t x
# 0.0 1.0 101 1.0 1.0 201
# t x n P ux
0.0 1.0 1.0 1.0 0.0
0.0 1.0 1.0 1.0 0.0
0.0 1.0 1.0 1.0 0.0
0.0 1.0 1.0 1.0 0.0
0.0 1.0 1.0 1.0 0.0
0.0 1.0 1.0 1.0 0.0
0.0 1.0 1.0 1.0 0.0
0.0 1.0 1.0 1.0 0.0
0.0 1.0 1.0 1.0 0.0
0.0 1.0 1.0 1.0 0.0
0.0 1.0 1.0 1.0 0.0
0.0 1.0 1.0 1.0 0.0
0.0 1.0 1.0 1.0 0.0
0.0 1.0 1.0 1.0 0.0
0.0 1.0 1.0 1.0 0.0
0.0 1.0 1.0 1.0 0.0
0.0 1.0 1.0 1.0 0.0
0.0 1.0 1.0 1.0 0.0
0.0 1.0 1.0 1.0 0.0
0.0 1.0 1.0 1.0 0.0
0.0 1.0 1.0 1.0 0.0
0.0 1.0 1.0 1.0 0.0
0.0 1.0 1.0 1.0 0.0
0.0 1.0 1.0 1.0 0.0
0.0 1.0 1.0 1.0 0.0
0.0 1.0 1.0 1.0 0.0
0.0 1.0 1.0 1.0 0.0
0.0 1.0 1.0 1.0 0.0
0.0 1.0 1.0 1.0 0.0
0.0 1.0 1.0 1.0 0.0
0.0 1.0 1.0 1.0 0.0
0.0 1.0 1.0 1.0 0.0
0.0 1.0 1.0 1.0 0.0
0.0 1.0 1.0 1.0 0.0
0.0 1.0 1.0 1.0 0.0
0.0 1.0 1.0 1.0 0.0
0.0 1.0 1.0 1.0 0.0
0.0 1.0 1.0 1.0 0.0
0.0 1.0 1.0 1.0 0.0
0.0 1.0 1.0 1.0 0.0
0.0 1.0 1.0 1.0 0.0
0.0 1.0 1.0 1.0 0.0
0.0 1.0 1.0 1.0 0.0
0.0 1.0 1.0 1.0 0.0
0.0 1.0 1.0 1.0 0.0
0.0 1.0 1.0 1.0 0.0
0.0 1.0 1.0 1.0 0.0
0.0 1.0 1.0 1.0 0.0
0.0 1.0 1.0 1.0 0.0
0.0 1.0 1.0 1.0 0.0
0.0 1.0 1.0 1.0 0.0
0.0 1.0 1.0 1.0 0.0
0.0 1.0 1.0 1.0 0.0
0.0 1.0 1.0 1.0 0.0
0.0 1.0 1.0 1.0 0.0
0.0 1.0 1.0 1.0 0.0
0.0 1.0 1.0 1.0 0.0
0.0 1.0 1.0 1.0 0.0
0.0 1.0 1.0 1.0 0.0
0.0 1.0 1.0 1.0 0.0
0.0 1.0 1.0 1.0 0.0
0.0 1.0 1.0 1.0 0.0
0.0 1.0 1.0 1.0 0.0
0.0 1.0 1.0 1.0 0.0
0.0 1.0 1.0 1.0 0.0
0.0 1.0 1.0 1.0 0.0
0.0 1.0 1.0 1.0 0.0
0.0 1.0 1.0 1.0 0.0
0.0 1.0 1.0 1.0 0.0
0.0 1.0 1.0 1.0 0.0
0.0 1.0 1.0 1.0 0.0
0.0 1.0 1.0 1.0 0.0
0.0 1.0 1.0 1.0 0.0
0.0 1.0 1.0 1.0 0.0
0.0 1.0 1.0 1.0 0.0
0.0 1.0 1.0 1.0 0.0
0.0 1.0 1.0 1.0 0.0
0.0 1.0 1.0 1.0 0.0
0.0 1.0 1.0 1.0 0.0
0.0 1.0 1.0 1.0 0.0
0.0 1.0 1.0 1.0 0.0
0.0 1.0 1.0 1.0 0.0
0.0 1.0 1.0 1.0 0.0
0.0 1.0 1.0 1.0 0.0
0.0 1.0 1.0 1.0 0.0
0.0 1.0 1.0 1.0 0.0
0.0 1.0 1.0 1.0 0.0
0.0 1.0 1.0 1.0 0.0
0.0 1.0 1.0 1.0 0.0
0.0 1.0 1.0 1.0 0.0
0.0 1.0 1.0 1.0 0.0
0.0 1.0 1.0 1.0 0.0
0.0 1.0 1.0 1.0 0.0
0.0 1.0 1.0 1.0 0.0
0.0 1.0 1.0 1.0 0.0
0.0 1.0 1.0 1.0 0.0
0.0 1.0 1.0 1.0 0.0
0.0 1.0 1.0 1.0 0.0
0.0 1.0 1.0 1.0 0.0
0.0 1.0 1.0 1.0 0.0
0.0 1.0 1.0 1.0 0.0
0.0 1.0 1.0 1.0 0.0
0.0 1.0 1.0 1.0 0.0
0.0 1.0 1.0 1.0 0.0
0.0 1.0 1.0 1.0 0.0
0.0 1.0 1.0 1.0 0.0
0.0 1.0 1.0 1.0 0.0
0.0 1.0 1.0 1.0 0.0
0.0 1.0 1.0 1.0 0.0
0.0 1.0 1.0 1.0 0.0
0.0 1.0 1.0 1.0 0.0
0.0 1.0 1.0 1.0 0.0
0.0 1.0 1.0 1.0 0.0
0.0 1.0 1.0 1.0 0.0
0.0 1.0 1.0 1.0 0.0
0.0 1.0 1.0 1.0 0.0
0.0 1.0 1.0 1.0 0.0
0.0 1.0 1.0 1.0 0.0
0.0 1.0 1.0 1.0 0.0
0.0 1.0 1.0 1.0 0.0
0.0 1.0 1.0 1.0 0.0
0.0 1.0 1.0 1.0 0.0
0.0 1.0 1.0 1.0 0.0
0.0 1.0 1.0 1.0 0.0
0.0 1.0 1.0 1.0 0.0
0.0 1.0 1.0 1.0 0.0
0.0 1.0 1.0 1.0 0.0
0.0 1.0 1.0 1.0 0.0
0.0 1.0 1.0 1.0 0.0
0.0 1.0 1.0 1.0 0.0
0.0 1.0 1.0 1.0 0.0
0.0 1.0 1.0 1.0 0.0
0.0 1.0 1.0 1.0 0.0
0.0 1.0 1.0 1.0 0.0
0.0 1.0 1.0 1.0 0.0
0.0 1.0 1.0 1.0 0.0
0.0 1.0 1.0 1.0 0.0
0.0 1.0 1.0 1.0 0.0
0.0 1.0 1.0 1.0 0.0
0.0 1.0 1.0 1.0 0.0
0.0 1.0 1.0 1.0 0.0
0.0 1.0 1.0 1.0 0.0
0.0 1.0 1.0 1.0 0.0
0.0 1.0 1.0 1.0 0.0
0.0 1.0 1.0 1.0 0.0
0.0 1.0 1.0 1.0 0.0
0.0 1.0 1.0 1.0 0.0
0.0 1.0 1.0 1.0 0.0
0.0 1.0 1.0 1.0 0.0
0.0 1.0 1.0 1.0 0.0
0.0 1.0 1.0 1.0 0.0
0.0 1.0 1.0 1.0 0.0
0.0 1.0 1.0 1.0 0.0
0.0 1.0 1.0 1.0 0.0
0.0 1.0 1.0 1.0 0.0
0.0 1.0 1.0 1.0 0.0
0.0 1.0 1.0 1.0 0.0
0.0 1.0 1.0 1.0 0.0
0.0 1.0 1.0 1.0 0.0
0.0 1.0 1.0 1.0 0.0
0.0 1.0 1.0 1.0 0.0
0.0 1.0 1.0 1.0 0.0
0.0 1.0 1.0 1.0 0.0
0.0 1.0 1.0 1.0 0.0
0.0 1.0 1.0 1.0 0.0
0.0 1.0 1.0 1.0 0.0
0.0 1.0 1.0 1.0 0.0
0.0 1.0 1.0 1.0 0.0
0.0 1.0 1.0 1.0 0.0
0.0 1.0 1.0 1.0 0.0
0.0 1.0 1.0 1.0 0.0
0.0 1.0 1.0 1.0 0.0
0.0 1.0 1.0 1.0 0.0
0.0 1.0 1.0 1.0 0.0
0.0 1.0 1.0 1.0 0.0
0.0 1.0 1.0 1.0 0.0
0.0 1.0 1.0 1.0 0.0
0.0 1.0 1.0 1.0 0.0
0.0 1.0 1.0 1.0 0.0
0.0 1.0 1.0 1.0 0.0
0.0 1.0 1.0 1.0 0.0
0.0 1.0 1.0 1.0 0.0
0.0 1.0 1.0 1.0 0.0
0.0 1.0 1.0 1.0 0.0
0.0 1.0 1.0 1.0 0.0
0.0 1.0 1.0 1.0 0.0
0.0 1.0 1.0 1.0 0.0
0.0 1.0 1.0 1.0 0.0
0.0 1.0 1.0 1.0 0.0
0.0 1.0 1.0 1.0 0.0
0.0 1.0 1.0 1.0 0.0
0.0 1.0 1.0 1.0 0.0
0.0 1.0 1.0 1.0 0.0
0.0 1.0 1.0 1.0 0.0
0.0 1.0 1.0 1.0 0.0
0.0 1.0 1.0 1.0 0.0
0.0 1.0 1.0 1.0 0.0
0.0 1.0 1.0 1.0 0.0
0.0 1.0 1.0 1.0 0.0
0.0 1.0 1.0 1.0 0.0
0.0 1.0 1.0 1.0 0.0
