0.0 -1.0 1.0 0.1 0.0
0.0 -0.99875 1.0 0.1 0.0
0.0 -0.9975 1.0 0.1 0.0
0.0 -0.99625 1.0 0.1 0.0
0.0 -0.995 1.0 0.1 0.0
0.0 -0.99375 1.0 0.1 0.0
0.0 -0.9925 1.0 0.1 0.0
0.0 -0.99125 1.0 0.1 0.0
0.0 -0.99 1.0 0.1 0.0
0.0 -0.98875 1.0 0.1 0.0
0.0 -0.9875 1.0 0.1 0.0
0.0 -0.98625 1.0 0.1 0.0
0.0 -0.985 1.0 0.1 0.0
0.0 -0.98375 1.0 0.1 0.0
0.0 -0.9825 1.0 0.1 0.0
0.0 -0.98125 1.0 0.1 0.0
0.0 -0.98 1.0 0.1 0.0
0.0 -0.97875 1.0 0.1 0.0
0.0 -0.9775 1.0 0.1 0.0
0.0 -0.97625 1.0 0.1 0.0
0.0 -0.975 1.0 0.1 0.0
0.0 -0.97375 1.0 0.1 0.0
0.0 -0.9725 1.0 0.1 0.0
0.0 -0.97125 1.0 0.1 0.0
0.0 -0.97 1.0 0.1 0.0
0.0 -0.96875 1.0 0.1 0.0
0.0 -0.9675 1.0 0.1 0.0
0.0 -0.96625 1.0 0.1 0.0
0.0 -0.965 1.0 0.1 0.0
0.0 -0.96375 1.0 0.1 0.0
0.0 -0.9625 1.0 0.1 0.0
0.0 -0.96125 1.0 0.1 0.0
0.0 -0.96 1.0 0.1 0.0
0.0 -0.95875 1.0 0.1 0.0
0.0 -0.9575 1.0 0.1 0.0
0.0 -0.95625 1.0 0.1 0.0
0.0 -0.955 1.0 0.1 0.0
0.0 -0.95375 1.0 0.1 0.0
0.0 -0.9525 1.0 0.1 0.0
0.0 -0.95125 1.0 0.1 0.0
0.0 -0.95 1.0 0.1 0.0
0.0 -0.94875 1.0 0.1 0.0
0.0 -0.9475 1.0 0.1 0.0
0.0 -0.94625 1.0 0.1 0.0
0.0 -0.945 1.0 0.1 0.0
0.0 -0.94375 1.0 0.1 0.0
0.0 -0.9425 1.0 0.1 0.0
0.0 -0.94125 1.0 0.1 0.0
0.0 -0.94 1.0 0.1 0.0
0.0 -0.93875 1.0 0.1 0.0
0.0 -0.9375 1.0 0.1 0.0
0.0 -0.93625 1.0 0.1 0.0
0.0 -0.935 1.0 0.1 0.0
0.0 -0.93375 1.0 0.1 0.0
0.0 -0.9325 1.0 0.1 0.0
0.0 -0.93125 1.0 0.1 0.0
0.0 -0.9299999999999999 1.0 0.1 0.0
0.0 -0.92875 1.0 0.1 0.0
0.0 -0.9275 1.0 0.1 0.0
0.0 -0.92625 1.0 0.1 0.0
0.0 -0.925 1.0 0.1 0.0
0.0 -0.92375 1.0 0.1 0.0
0.0 -0.9225 1.0 0.1 0.0
0.0 -0.92125 1.0 0.1 0.0
0.0 -0.92 1.0 0.1 0.0
0.0 -0.91875 1.0 0.1 0.0
0.0 -0.9175 1.0 0.1 0.0
0.0 -0.91625 1.0 0.1 0.0
0.0 -0.915 1.0 0.1 0.0
0.0 -0.91375 1.0 0.1 0.0
0.0 -0.9125 1.0 0.1 0.0
0.0 -0.91125 1.0 0.1 0.0
0.0 -0.91 1.0 0.1 0.0
0.0 -0.90875 1.0 0.1 0.0
0.0 -0.9075 1.0 0.1 0.0
0.0 -0.90625 1.0 0.1 0.0
0.0 -0.905 1.0 0.1 0.0
0.0 -0.90375 1.0 0.1 0.0
0.0 -0.9025 1.0 0.1 0.0
0.0 -0.90125 1.0 0.1 0.0
0.0 -0.9 1.0 0.1 0.0
0.0 -0.8987499999999999 1.0 0.1 0.0
0.0 -0.8975 1.0 0.1 0.0
0.0 -0.89625 1.0 0.1 0.0
0.0 -0.895 1.0 0.1 0.0
0.0 -0.89375 1.0 0.1 0.0
0.0 -0.8925 1.0 0.1 0.0
0.0 -0.89125 1.0 0.1 0.0
0.0 -0.89 1.0 0.1 0.0
0.0 -0.88875 1.0 0.1 0.0
0.0 -0.8875 1.0 0.1 0.0
0.0 -0.88625 1.0 0.1 0.0
0.0 -0.885 1.0 0.1 0.0
0.0 -0.88375 1.0 0.1 0.0
0.0 -0.8825 1.0 0.1 0.0
0.0 -0.88125 1.0 0.1 0.0
0.0 -0.88 1.0 0.1 0.0
0.0 -0.87875 1.0 0.1 0.0
0.0 -0.8775 1.0 0.1 0.0
0.0 -0.87625 1.0 0.1 0.0
0.0 -0.875 1.0 0.1 0.0
0.0 -0.87375 1.0 0.1 0.0
0.0 -0.8725 1.0 0.1 0.0
0.0 -0.87125 1.0 0.1 0.0
0.0 -0.87 1.0 0.1 0.0
0.0 -0.86875 1.0 0.1 0.0
0.0 -0.8674999999999999 1.0 0.1 0.0
0.0 -0.86625 1.0 0.1 0.0
0.0 -0.865 1.0 0.1 0.0
0.0 -0.86375 1.0 0.1 0.0
0.0 -0.8625 1.0 0.1 0.0
0.0 -0.86125 1.0 0.1 0.0
0.0 -0.86 1.0 0.1 0.0
0.0 -0.85875 1.0 0.1 0.0
0.0 -0.8574999999999999 1.0 0.1 0.0
0.0 -0.85625 1.0 0.1 0.0
0.0 -0.855 1.0 0.1 0.0
0.0 -0.85375 1.0 0.1 0.0
0.0 -0.8525 1.0 0.1 0.0
0.0 -0.8512500000000001 1.0 0.1 0.0
0.0 -0.85 1.0 0.1 0.0
0.0 -0.84875 1.0 0.1 0.0
0.0 -0.8475 1.0 0.1 0.0
0.0 -0.84625 1.0 0.1 0.0
0.0 -0.845 1.0 0.1 0.0
0.0 -0.84375 1.0 0.1 0.0
0.0 -0.8425 1.0 0.1 0.0
0.0 -0.84125 1.0 0.1 0.0
0.0 -0.84 1.0 0.1 0.0
0.0 -0.83875 1.0 0.1 0.0
0.0 -0.8375 1.0 0.1 0.0
0.0 -0.8362499999999999 1.0 0.1 0.0
0.0 -0.835 1.0 0.1 0.0
0.0 -0.83375 1.0 0.1 0.0
0.0 -0.8325 1.0 0.1 0.0
0.0 -0.83125 1.0 0.1 0.0
0.0 -0.83 1.0 0.1 0.0
0.0 -0.82875 1.0 0.1 0.0
0.0 -0.8275 1.0 0.1 0.0
0.0 -0.8262499999999999 1.0 0.1 0.0
0.0 -0.825 1.0 0.1 0.0
0.0 -0.82375 1.0 0.1 0.0
0.0 -0.8225 1.0 0.1 0.0
0.0 -0.82125 1.0 0.1 0.0
0.0 -0.8200000000000001 1.0 0.1 0.0
0.0 -0.81875 1.0 0.1 0.0
0.0 -0.8175 1.0 0.1 0.0
0.0 -0.81625 1.0 0.1 0.0
0.0 -0.815 1.0 0.1 0.0
0.0 -0.81375 1.0 0.1 0.0
0.0 -0.8125 1.0 0.1 0.0
0.0 -0.81125 1.0 0.1 0.0
0.0 -0.81 1.0 0.1 0.0
0.0 -0.80875 1.0 0.1 0.0
0.0 -0.8075 1.0 0.1 0.0
0.0 -0.80625 1.0 0.1 0.0
0.0 -0.8049999999999999 1.0 0.1 0.0
0.0 -0.80375 1.0 0.1 0.0
0.0 -0.8025 1.0 0.1 0.0
0.0 -0.80125 1.0 0.1 0.0
0.0 -0.8 1.0 0.1 0.0
0.0 -0.79875 1.0 0.1 0.0
0.0 -0.7975 1.0 0.1 0.0
0.0 -0.79625 1.0 0.1 0.0
0.0 -0.7949999999999999 1.0 0.1 0.0
0.0 -0.79375 1.0 0.1 0.0
0.0 -0.7925 1.0 0.1 0.0
0.0 -0.79125 1.0 0.1 0.0
0.0 -0.79 1.0 0.1 0.0
0.0 -0.7887500000000001 1.0 0.1 0.0
0.0 -0.7875 1.0 0.1 0.0
0.0 -0.78625 1.0 0.1 0.0
0.0 -0.785 1.0 0.1 0.0
0.0 -0.78375 1.0 0.1 0.0
0.0 -0.7825 1.0 0.1 0.0
0.0 -0.78125 1.0 0.1 0.0
0.0 -0.78 1.0 0.1 0.0
0.0 -0.77875 1.0 0.1 0.0
0.0 -0.7775 1.0 0.1 0.0
0.0 -0.77625 1.0 0.1 0.0
0.0 -0.775 1.0 0.1 0.0
0.0 -0.7737499999999999 1.0 0.1 0.0
0.0 -0.7725 1.0 0.1 0.0
0.0 -0.77125 1.0 0.1 0.0
0.0 -0.77 1.0 0.1 0.0
0.0 -0.76875 1.0 0.1 0.0
0.0 -0.7675 1.0 0.1 0.0
0.0 -0.76625 1.0 0.1 0.0
0.0 -0.765 1.0 0.1 0.0
0.0 -0.7637499999999999 1.0 0.1 0.0
0.0 -0.7625 1.0 0.1 0.0
0.0 -0.76125 1.0 0.1 0.0
0.0 -0.76 1.0 0.1 0.0
0.0 -0.75875 1.0 0.1 0.0
0.0 -0.7575000000000001 1.0 0.1 0.0
0.0 -0.75625 1.0 0.1 0.0
0.0 -0.755 1.0 0.1 0.0
0.0 -0.75375 1.0 0.1 0.0
0.0 -0.7525 1.0 0.1 0.0
0.0 -0.75125 1.0 0.1 0.0
0.0 -0.75 1.0 0.1 0.0
0.0 -0.74875 1.0 0.1 0.0
0.0 -0.7475 1.0 0.1 0.0
0.0 -0.74625 1.0 0.1 0.0
0.0 -0.745 1.0 0.1 0.0
0.0 -0.74375 1.0 0.1 0.0
0.0 -0.7424999999999999 1.0 0.1 0.0
0.0 -0.74125 1.0 0.1 0.0
0.0 -0.74 1.0 0.1 0.0
0.0 -0.73875 1.0 0.1 0.0
0.0 -0.7375 1.0 0.1 0.0
0.0 -0.7362500000000001 1.0 0.1 0.0
0.0 -0.735 1.0 0.1 0.0
0.0 -0.73375 1.0 0.1 0.0
0.0 -0.7324999999999999 1.0 0.1 0.0
0.0 -0.73125 1.0 0.1 0.0
0.0 -0.73 1.0 0.1 0.0
0.0 -0.72875 1.0 0.1 0.0
0.0 -0.7275 1.0 0.1 0.0
0.0 -0.7262500000000001 1.0 0.1 0.0
0.0 -0.725 1.0 0.1 0.0
0.0 -0.72375 1.0 0.1 0.0
0.0 -0.7224999999999999 1.0 0.1 0.0
0.0 -0.72125 1.0 0.1 0.0
0.0 -0.72 1.0 0.1 0.0
0.0 -0.71875 1.0 0.1 0.0
0.0 -0.7175 1.0 0.1 0.0
0.0 -0.71625 1.0 0.1 0.0
0.0 -0.715 1.0 0.1 0.0
0.0 -0.71375 1.0 0.1 0.0
0.0 -0.7124999999999999 1.0 0.1 0.0
0.0 -0.7112499999999999 1.0 0.1 0.0
0.0 -0.71 1.0 0.1 0.0
0.0 -0.70875 1.0 0.1 0.0
0.0 -0.7075 1.0 0.1 0.0
0.0 -0.70625 1.0 0.1 0.0
0.0 -0.7050000000000001 1.0 0.1 0.0
0.0 -0.70375 1.0 0.1 0.0
0.0 -0.7025 1.0 0.1 0.0
0.0 -0.7012499999999999 1.0 0.1 0.0
0.0 -0.7 1.0 0.1 0.0
0.0 -0.69875 1.0 0.1 0.0
0.0 -0.6975 1.0 0.1 0.0
0.0 -0.69625 1.0 0.1 0.0
0.0 -0.6950000000000001 1.0 0.1 0.0
0.0 -0.69375 1.0 0.1 0.0
0.0 -0.6925 1.0 0.1 0.0
0.0 -0.6912499999999999 1.0 0.1 0.0
0.0 -0.69 1.0 0.1 0.0
0.0 -0.68875 1.0 0.1 0.0
0.0 -0.6875 1.0 0.1 0.0
0.0 -0.68625 1.0 0.1 0.0
0.0 -0.685 1.0 0.1 0.0
0.0 -0.68375 1.0 0.1 0.0
0.0 -0.6825 1.0 0.1 0.0
0.0 -0.6812499999999999 1.0 0.1 0.0
0.0 -0.6799999999999999 1.0 0.1 0.0
0.0 -0.67875 1.0 0.1 0.0
0.0 -0.6775 1.0 0.1 0.0
0.0 -0.67625 1.0 0.1 0.0
0.0 -0.675 1.0 0.1 0.0
0.0 -0.6737500000000001 1.0 0.1 0.0
0.0 -0.6725 1.0 0.1 0.0
0.0 -0.67125 1.0 0.1 0.0
0.0 -0.6699999999999999 1.0 0.1 0.0
0.0 -0.66875 1.0 0.1 0.0
0.0 -0.6675 1.0 0.1 0.0
0.0 -0.66625 1.0 0.1 0.0
0.0 -0.665 1.0 0.1 0.0
0.0 -0.6637500000000001 1.0 0.1 0.0
0.0 -0.6625 1.0 0.1 0.0
0.0 -0.66125 1.0 0.1 0.0
0.0 -0.6599999999999999 1.0 0.1 0.0
0.0 -0.65875 1.0 0.1 0.0
0.0 -0.6575 1.0 0.1 0.0
0.0 -0.65625 1.0 0.1 0.0
0.0 -0.655 1.0 0.1 0.0
0.0 -0.65375 1.0 0.1 0.0
0.0 -0.6525 1.0 0.1 0.0
0.0 -0.65125 1.0 0.1 0.0
0.0 -0.6499999999999999 1.0 0.1 0.0
0.0 -0.6487499999999999 1.0 0.1 0.0
0.0 -0.6475 1.0 0.1 0.0
0.0 -0.64625 1.0 0.1 0.0
0.0 -0.645 1.0 0.1 0.0
0.0 -0.64375 1.0 0.1 0.0
0.0 -0.6425000000000001 1.0 0.1 0.0
0.0 -0.64125 1.0 0.1 0.0
0.0 -0.64 1.0 0.1 0.0
0.0 -0.6387499999999999 1.0 0.1 0.0
0.0 -0.6375 1.0 0.1 0.0
0.0 -0.63625 1.0 0.1 0.0
0.0 -0.635 1.0 0.1 0.0
0.0 -0.63375 1.0 0.1 0.0
0.0 -0.6325000000000001 1.0 0.1 0.0
0.0 -0.63125 1.0 0.1 0.0
0.0 -0.63 1.0 0.1 0.0
0.0 -0.6287499999999999 1.0 0.1 0.0
0.0 -0.6275 1.0 0.1 0.0
0.0 -0.62625 1.0 0.1 0.0
0.0 -0.625 1.0 0.1 0.0
0.0 -0.62375 1.0 0.1 0.0
0.0 -0.6225 1.0 0.1 0.0
0.0 -0.62125 1.0 0.1 0.0
0.0 -0.62 1.0 0.1 0.0
0.0 -0.6187499999999999 1.0 0.1 0.0
0.0 -0.6174999999999999 1.0 0.1 0.0
0.0 -0.61625 1.0 0.1 0.0
0.0 -0.615 1.0 0.1 0.0
0.0 -0.61375 1.0 0.1 0.0
0.0 -0.6125 1.0 0.1 0.0
0.0 -0.6112500000000001 1.0 0.1 0.0
0.0 -0.61 1.0 0.1 0.0
0.0 -0.60875 1.0 0.1 0.0
0.0 -0.6074999999999999 1.0 0.1 0.0
0.0 -0.60625 1.0 0.1 0.0
0.0 -0.605 1.0 0.1 0.0
0.0 -0.60375 1.0 0.1 0.0
0.0 -0.6025 1.0 0.1 0.0
0.0 -0.6012500000000001 1.0 0.1 0.0
0.0 -0.6 1.0 0.1 0.0
0.0 -0.59875 1.0 0.1 0.0
0.0 -0.5974999999999999 1.0 0.1 0.0
0.0 -0.59625 1.0 0.1 0.0
0.0 -0.595 1.0 0.1 0.0
0.0 -0.59375 1.0 0.1 0.0
0.0 -0.5925 1.0 0.1 0.0
0.0 -0.59125 1.0 0.1 0.0
0.0 -0.59 1.0 0.1 0.0
0.0 -0.58875 1.0 0.1 0.0
0.0 -0.5874999999999999 1.0 0.1 0.0
0.0 -0.5862499999999999 1.0 0.1 0.0
0.0 -0.585 1.0 0.1 0.0
0.0 -0.58375 1.0 0.1 0.0
0.0 -0.5825 1.0 0.1 0.0
0.0 -0.58125 1.0 0.1 0.0
0.0 -0.5800000000000001 1.0 0.1 0.0
0.0 -0.57875 1.0 0.1 0.0
0.0 -0.5775 1.0 0.1 0.0
0.0 -0.5762499999999999 1.0 0.1 0.0
0.0 -0.575 1.0 0.1 0.0
0.0 -0.57375 1.0 0.1 0.0
0.0 -0.5725 1.0 0.1 0.0
0.0 -0.57125 1.0 0.1 0.0
0.0 -0.5700000000000001 1.0 0.1 0.0
0.0 -0.56875 1.0 0.1 0.0
0.0 -0.5675 1.0 0.1 0.0
0.0 -0.5662499999999999 1.0 0.1 0.0
0.0 -0.565 1.0 0.1 0.0
0.0 -0.56375 1.0 0.1 0.0
0.0 -0.5625 1.0 0.1 0.0
0.0 -0.56125 1.0 0.1 0.0
0.0 -0.56 1.0 0.1 0.0
0.0 -0.55875 1.0 0.1 0.0
0.0 -0.5575 1.0 0.1 0.0
0.0 -0.5562499999999999 1.0 0.1 0.0
0.0 -0.5549999999999999 1.0 0.1 0.0
0.0 -0.55375 1.0 0.1 0.0
0.0 -0.5525 1.0 0.1 0.0
0.0 -0.55125 1.0 0.1 0.0
0.0 -0.55 1.0 0.1 0.0
0.0 -0.5487500000000001 1.0 0.1 0.0
0.0 -0.5475 1.0 0.1 0.0
0.0 -0.54625 1.0 0.1 0.0
0.0 -0.5449999999999999 1.0 0.1 0.0
0.0 -0.54375 1.0 0.1 0.0
0.0 -0.5425 1.0 0.1 0.0
0.0 -0.54125 1.0 0.1 0.0
0.0 -0.54 1.0 0.1 0.0
0.0 -0.5387500000000001 1.0 0.1 0.0
0.0 -0.5375 1.0 0.1 0.0
0.0 -0.53625 1.0 0.1 0.0
0.0 -0.5349999999999999 1.0 0.1 0.0
0.0 -0.53375 1.0 0.1 0.0
0.0 -0.5325 1.0 0.1 0.0
0.0 -0.53125 1.0 0.1 0.0
0.0 -0.53 1.0 0.1 0.0
0.0 -0.52875 1.0 0.1 0.0
0.0 -0.5275 1.0 0.1 0.0
0.0 -0.52625 1.0 0.1 0.0
0.0 -0.5249999999999999 1.0 0.1 0.0
0.0 -0.5237499999999999 1.0 0.1 0.0
0.0 -0.5225 1.0 0.1 0.0
0.0 -0.52125 1.0 0.1 0.0
0.0 -0.52 1.0 0.1 0.0
0.0 -0.51875 1.0 0.1 0.0
0.0 -0.5175000000000001 1.0 0.1 0.0
0.0 -0.51625 1.0 0.1 0.0
0.0 -0.515 1.0 0.1 0.0
0.0 -0.5137499999999999 1.0 0.1 0.0
0.0 -0.5125 1.0 0.1 0.0
0.0 -0.51125 1.0 0.1 0.0
0.0 -0.51 1.0 0.1 0.0
0.0 -0.50875 1.0 0.1 0.0
0.0 -0.5075000000000001 1.0 0.1 0.0
0.0 -0.50625 1.0 0.1 0.0
0.0 -0.505 1.0 0.1 0.0
0.0 -0.5037499999999999 1.0 0.1 0.0
0.0 -0.5025 1.0 0.1 0.0
0.0 -0.50125 1.0 0.1 0.0
0.0 -0.5 1.0 0.1 0.0
0.0 -0.49875 1.0 0.1 0.0
0.0 -0.49749999999999994 1.0 0.1 0.0
0.0 -0.49624999999999997 1.0 0.1 0.0
0.0 -0.495 1.0 0.1 0.0
0.0 -0.49375 1.0 0.1 0.0
0.0 -0.49249999999999994 1.0 0.1 0.0
0.0 -0.49124999999999996 1.0 0.1 0.0
0.0 -0.49 1.0 0.1 0.0
0.0 -0.48875 1.0 0.1 0.0
0.0 -0.48750000000000004 1.0 0.1 0.0
0.0 -0.48624999999999996 1.0 0.1 0.0
0.0 -0.485 1.0 0.1 0.0
0.0 -0.48375 1.0 0.1 0.0
0.0 -0.48250000000000004 1.0 0.1 0.0
0.0 -0.48124999999999996 1.0 0.1 0.0
0.0 -0.48 1.0 0.1 0.0
0.0 -0.47875 1.0 0.1 0.0
0.0 -0.47750000000000004 1.0 0.1 0.0
0.0 -0.47624999999999995 1.0 0.1 0.0
0.0 -0.475 1.0 0.1 0.0
0.0 -0.47375 1.0 0.1 0.0
0.0 -0.47250000000000003 1.0 0.1 0.0
0.0 -0.47124999999999995 1.0 0.1 0.0
0.0 -0.47 1.0 0.1 0.0
0.0 -0.46875 1.0 0.1 0.0
0.0 -0.4675 1.0 0.1 0.0
0.0 -0.46624999999999994 1.0 0.1 0.0
0.0 -0.46499999999999997 1.0 0.1 0.0
0.0 -0.46375 1.0 0.1 0.0
0.0 -0.4625 1.0 0.1 0.0
0.0 -0.46124999999999994 1.0 0.1 0.0
0.0 -0.45999999999999996 1.0 0.1 0.0
0.0 -0.45875 1.0 0.1 0.0
0.0 -0.4575 1.0 0.1 0.0
0.0 -0.45624999999999993 1.0 0.1 0.0
0.0 -0.45499999999999996 1.0 0.1 0.0
0.0 -0.45375 1.0 0.1 0.0
0.0 -0.4525 1.0 0.1 0.0
0.0 -0.45125000000000004 1.0 0.1 0.0
0.0 -0.44999999999999996 1.0 0.1 0.0
0.0 -0.44875 1.0 0.1 0.0
0.0 -0.4475 1.0 0.1 0.0
0.0 -0.44625000000000004 1.0 0.1 0.0
0.0 -0.44499999999999995 1.0 0.1 0.0
0.0 -0.44375 1.0 0.1 0.0
0.0 -0.4425 1.0 0.1 0.0
0.0 -0.44125000000000003 1.0 0.1 0.0
0.0 -0.43999999999999995 1.0 0.1 0.0
0.0 -0.43875 1.0 0.1 0.0
0.0 -0.4375 1.0 0.1 0.0
0.0 -0.43625 1.0 0.1 0.0
0.0 -0.43499999999999994 1.0 0.1 0.0
0.0 -0.43374999999999997 1.0 0.1 0.0
0.0 -0.4325 1.0 0.1 0.0
0.0 -0.43125 1.0 0.1 0.0
0.0 -0.42999999999999994 1.0 0.1 0.0
0.0 -0.42874999999999996 1.0 0.1 0.0
0.0 -0.4275 1.0 0.1 0.0
0.0 -0.42625 1.0 0.1 0.0
0.0 -0.42499999999999993 1.0 0.1 0.0
0.0 -0.42374999999999996 1.0 0.1 0.0
0.0 -0.4225 1.0 0.1 0.0
0.0 -0.42125 1.0 0.1 0.0
0.0 -0.42000000000000004 1.0 0.1 0.0
0.0 -0.41874999999999996 1.0 0.1 0.0
0.0 -0.4175 1.0 0.1 0.0
0.0 -0.41625 1.0 0.1 0.0
0.0 -0.41500000000000004 1.0 0.1 0.0
0.0 -0.41374999999999995 1.0 0.1 0.0
0.0 -0.4125 1.0 0.1 0.0
0.0 -0.41125 1.0 0.1 0.0
0.0 -0.41000000000000003 1.0 0.1 0.0
0.0 -0.40874999999999995 1.0 0.1 0.0
0.0 -0.4075 1.0 0.1 0.0
0.0 -0.40625 1.0 0.1 0.0
0.0 -0.405 1.0 0.1 0.0
0.0 -0.40374999999999994 1.0 0.1 0.0
0.0 -0.40249999999999997 1.0 0.1 0.0
0.0 -0.40125 1.0 0.1 0.0
0.0 -0.4 1.0 0.1 0.0
0.0 -0.39874999999999994 1.0 0.1 0.0
0.0 -0.39749999999999996 1.0 0.1 0.0
0.0 -0.39625 1.0 0.1 0.0
0.0 -0.395 1.0 0.1 0.0
0.0 -0.39374999999999993 1.0 0.1 0.0
0.0 -0.39249999999999996 1.0 0.1 0.0
0.0 -0.39125 1.0 0.1 0.0
0.0 -0.39 1.0 0.1 0.0
0.0 -0.38875000000000004 1.0 0.1 0.0
0.0 -0.38749999999999996 1.0 0.1 0.0
0.0 -0.38625 1.0 0.1 0.0
0.0 -0.385 1.0 0.1 0.0
0.0 -0.38375000000000004 1.0 0.1 0.0
0.0 -0.38249999999999995 1.0 0.1 0.0
0.0 -0.38125 1.0 0.1 0.0
0.0 -0.38 1.0 0.1 0.0
0.0 -0.37875000000000003 1.0 0.1 0.0
0.0 -0.37749999999999995 1.0 0.1 0.0
0.0 -0.37625 1.0 0.1 0.0
0.0 -0.375 1.0 0.1 0.0
0.0 -0.37375 1.0 0.1 0.0
0.0 -0.37249999999999994 1.0 0.1 0.0
0.0 -0.37124999999999997 1.0 0.1 0.0
0.0 -0.37 1.0 0.1 0.0
0.0 -0.36875 1.0 0.1 0.0
0.0 -0.36749999999999994 1.0 0.1 0.0
0.0 -0.36624999999999996 1.0 0.1 0.0
0.0 -0.365 1.0 0.1 0.0
0.0 -0.36375 1.0 0.1 0.0
0.0 -0.36249999999999993 1.0 0.1 0.0
0.0 -0.36124999999999996 1.0 0.1 0.0
0.0 -0.36 1.0 0.1 0.0
0.0 -0.35875 1.0 0.1 0.0
0.0 -0.35750000000000004 1.0 0.1 0.0
0.0 -0.35624999999999996 1.0 0.1 0.0
0.0 -0.355 1.0 0.1 0.0
0.0 -0.35375 1.0 0.1 0.0
0.0 -0.35250000000000004 1.0 0.1 0.0
0.0 -0.35124999999999995 1.0 0.1 0.0
0.0 -0.35 1.0 0.1 0.0
0.0 -0.34875 1.0 0.1 0.0
0.0 -0.34750000000000003 1.0 0.1 0.0
0.0 -0.34624999999999995 1.0 0.1 0.0
0.0 -0.345 1.0 0.1 0.0
0.0 -0.34375 1.0 0.1 0.0
0.0 -0.3425 1.0 0.1 0.0
0.0 -0.34124999999999994 1.0 0.1 0.0
0.0 -0.33999999999999997 1.0 0.1 0.0
0.0 -0.33875 1.0 0.1 0.0
0.0 -0.3375 1.0 0.1 0.0
0.0 -0.33624999999999994 1.0 0.1 0.0
0.0 -0.33499999999999996 1.0 0.1 0.0
0.0 -0.33375 1.0 0.1 0.0
0.0 -0.3325 1.0 0.1 0.0
0.0 -0.33124999999999993 1.0 0.1 0.0
0.0 -0.32999999999999996 1.0 0.1 0.0
0.0 -0.32875 1.0 0.1 0.0
0.0 -0.3275 1.0 0.1 0.0
0.0 -0.32625000000000004 1.0 0.1 0.0
0.0 -0.32499999999999996 1.0 0.1 0.0
0.0 -0.32375 1.0 0.1 0.0
0.0 -0.3225 1.0 0.1 0.0
0.0 -0.32125000000000004 1.0 0.1 0.0
0.0 -0.31999999999999995 1.0 0.1 0.0
0.0 -0.31875 1.0 0.1 0.0
0.0 -0.3175 1.0 0.1 0.0
0.0 -0.31625000000000003 1.0 0.1 0.0
0.0 -0.31499999999999995 1.0 0.1 0.0
0.0 -0.31375 1.0 0.1 0.0
0.0 -0.3125 1.0 0.1 0.0
0.0 -0.31125 1.0 0.1 0.0
0.0 -0.30999999999999994 1.0 0.1 0.0
0.0 -0.30874999999999997 1.0 0.1 0.0
0.0 -0.3075 1.0 0.1 0.0
0.0 -0.30625 1.0 0.1 0.0
0.0 -0.30499999999999994 1.0 0.1 0.0
0.0 -0.30374999999999996 1.0 0.1 0.0
0.0 -0.3025 1.0 0.1 0.0
0.0 -0.30125 1.0 0.1 0.0
0.0 -0.29999999999999993 1.0 0.1 0.0
0.0 -0.29874999999999996 1.0 0.1 0.0
0.0 -0.2975 1.0 0.1 0.0
0.0 -0.29625 1.0 0.1 0.0
0.0 -0.29500000000000004 1.0 0.1 0.0
0.0 -0.29374999999999996 1.0 0.1 0.0
0.0 -0.2925 1.0 0.1 0.0
0.0 -0.29125 1.0 0.1 0.0
0.0 -0.29000000000000004 1.0 0.1 0.0
0.0 -0.28874999999999995 1.0 0.1 0.0
0.0 -0.2875 1.0 0.1 0.0
0.0 -0.28625 1.0 0.1 0.0
0.0 -0.28500000000000003 1.0 0.1 0.0
0.0 -0.28374999999999995 1.0 0.1 0.0
0.0 -0.2825 1.0 0.1 0.0
0.0 -0.28125 1.0 0.1 0.0
0.0 -0.28 1.0 0.1 0.0
0.0 -0.27874999999999994 1.0 0.1 0.0
0.0 -0.27749999999999997 1.0 0.1 0.0
0.0 -0.27625 1.0 0.1 0.0
0.0 -0.275 1.0 0.1 0.0
0.0 -0.27374999999999994 1.0 0.1 0.0
0.0 -0.27249999999999996 1.0 0.1 0.0
0.0 -0.27125 1.0 0.1 0.0
0.0 -0.27 1.0 0.1 0.0
0.0 -0.26874999999999993 1.0 0.1 0.0
0.0 -0.26749999999999996 1.0 0.1 0.0
0.0 -0.26625 1.0 0.1 0.0
0.0 -0.265 1.0 0.1 0.0
0.0 -0.26375000000000004 1.0 0.1 0.0
0.0 -0.26249999999999996 1.0 0.1 0.0
0.0 -0.26125 1.0 0.1 0.0
0.0 -0.26 1.0 0.1 0.0
0.0 -0.25875000000000004 1.0 0.1 0.0
0.0 -0.25749999999999995 1.0 0.1 0.0
0.0 -0.25625 1.0 0.1 0.0
0.0 -0.255 1.0 0.1 0.0
0.0 -0.25375000000000003 1.0 0.1 0.0
0.0 -0.25249999999999995 1.0 0.1 0.0
0.0 -0.25125 1.0 0.1 0.0
0.0 -0.25 1.0 0.1 0.0
0.0 -0.24875000000000003 1.0 0.1 0.0
0.0 -0.24749999999999994 1.0 0.1 0.0
0.0 -0.24624999999999997 1.0 0.1 0.0
0.0 -0.245 1.0 0.1 0.0
0.0 -0.24375000000000002 1.0 0.1 0.0
0.0 -0.24249999999999994 1.0 0.1 0.0
0.0 -0.24124999999999996 1.0 0.1 0.0
0.0 -0.24 1.0 0.1 0.0
0.0 -0.23875000000000002 1.0 0.1 0.0
0.0 -0.23749999999999993 1.0 0.1 0.0
0.0 -0.23624999999999996 1.0 0.1 0.0
0.0 -0.235 1.0 0.1 0.0
0.0 -0.23375 1.0 0.1 0.0
0.0 -0.23249999999999993 1.0 0.1 0.0
0.0 -0.23124999999999996 1.0 0.1 0.0
0.0 -0.22999999999999998 1.0 0.1 0.0
0.0 -0.22875 1.0 0.1 0.0
0.0 -0.22750000000000004 1.0 0.1 0.0
0.0 -0.22624999999999995 1.0 0.1 0.0
0.0 -0.22499999999999998 1.0 0.1 0.0
0.0 -0.22375 1.0 0.1 0.0
0.0 -0.22250000000000003 1.0 0.1 0.0
0.0 -0.22124999999999995 1.0 0.1 0.0
0.0 -0.21999999999999997 1.0 0.1 0.0
0.0 -0.21875 1.0 0.1 0.0
0.0 -0.21750000000000003 1.0 0.1 0.0
0.0 -0.21624999999999994 1.0 0.1 0.0
0.0 -0.21499999999999997 1.0 0.1 0.0
0.0 -0.21375 1.0 0.1 0.0
0.0 -0.21250000000000002 1.0 0.1 0.0
0.0 -0.21124999999999994 1.0 0.1 0.0
0.0 -0.20999999999999996 1.0 0.1 0.0
0.0 -0.20875 1.0 0.1 0.0
0.0 -0.20750000000000002 1.0 0.1 0.0
0.0 -0.20624999999999993 1.0 0.1 0.0
0.0 -0.20499999999999996 1.0 0.1 0.0
0.0 -0.20375 1.0 0.1 0.0
0.0 -0.2025 1.0 0.1 0.0
0.0 -0.20124999999999993 1.0 0.1 0.0
0.0 -0.19999999999999996 1.0 0.1 0.0
0.0 -0.19874999999999998 1.0 0.1 0.0
0.0 -0.1975 1.0 0.1 0.0
0.0 -0.19625000000000004 1.0 0.1 0.0
0.0 -0.19499999999999995 1.0 0.1 0.0
0.0 -0.19374999999999998 1.0 0.1 0.0
0.0 -0.1925 1.0 0.1 0.0
0.0 -0.19125000000000003 1.0 0.1 0.0
0.0 -0.18999999999999995 1.0 0.1 0.0
0.0 -0.18874999999999997 1.0 0.1 0.0
0.0 -0.1875 1.0 0.1 0.0
0.0 -0.18625000000000003 1.0 0.1 0.0
0.0 -0.18499999999999994 1.0 0.1 0.0
0.0 -0.18374999999999997 1.0 0.1 0.0
0.0 -0.1825 1.0 0.1 0.0
0.0 -0.18125000000000002 1.0 0.1 0.0
0.0 -0.17999999999999994 1.0 0.1 0.0
0.0 -0.17874999999999996 1.0 0.1 0.0
0.0 -0.1775 1.0 0.1 0.0
0.0 -0.17625000000000002 1.0 0.1 0.0
0.0 -0.17499999999999993 1.0 0.1 0.0
0.0 -0.17374999999999996 1.0 0.1 0.0
0.0 -0.1725 1.0 0.1 0.0
0.0 -0.17125 1.0 0.1 0.0
0.0 -0.16999999999999993 1.0 0.1 0.0
0.0 -0.16874999999999996 1.0 0.1 0.0
0.0 -0.16749999999999998 1.0 0.1 0.0
0.0 -0.16625 1.0 0.1 0.0
0.0 -0.16500000000000004 1.0 0.1 0.0
0.0 -0.16374999999999995 1.0 0.1 0.0
0.0 -0.16249999999999998 1.0 0.1 0.0
0.0 -0.16125 1.0 0.1 0.0
0.0 -0.16000000000000003 1.0 0.1 0.0
0.0 -0.15874999999999995 1.0 0.1 0.0
0.0 -0.15749999999999997 1.0 0.1 0.0
0.0 -0.15625 1.0 0.1 0.0
0.0 -0.15500000000000003 1.0 0.1 0.0
0.0 -0.15374999999999994 1.0 0.1 0.0
0.0 -0.15249999999999997 1.0 0.1 0.0
0.0 -0.15125 1.0 0.1 0.0
0.0 -0.15000000000000002 1.0 0.1 0.0
0.0 -0.14874999999999994 1.0 0.1 0.0
0.0 -0.14749999999999996 1.0 0.1 0.0
0.0 -0.14625 1.0 0.1 0.0
0.0 -0.14500000000000002 1.0 0.1 0.0
0.0 -0.14374999999999993 1.0 0.1 0.0
0.0 -0.14249999999999996 1.0 0.1 0.0
0.0 -0.14125 1.0 0.1 0.0
0.0 -0.14 1.0 0.1 0.0
0.0 -0.13874999999999993 1.0 0.1 0.0
0.0 -0.13749999999999996 1.0 0.1 0.0
0.0 -0.13624999999999998 1.0 0.1 0.0
0.0 -0.135 1.0 0.1 0.0
0.0 -0.13375000000000004 1.0 0.1 0.0
0.0 -0.13249999999999995 1.0 0.1 0.0
0.0 -0.13124999999999998 1.0 0.1 0.0
0.0 -0.13 1.0 0.1 0.0
0.0 -0.12875000000000003 1.0 0.1 0.0
0.0 -0.12749999999999995 1.0 0.1 0.0
0.0 -0.12624999999999997 1.0 0.1 0.0
0.0 -0.125 1.0 0.1 0.0
0.0 -0.12375000000000003 1.0 0.1 0.0
0.0 -0.12249999999999994 1.0 0.1 0.0
0.0 -0.12124999999999997 1.0 0.1 0.0
0.0 -0.12 1.0 0.1 0.0
0.0 -0.11875000000000002 1.0 0.1 0.0
0.0 -0.11749999999999994 1.0 0.1 0.0
0.0 -0.11624999999999996 1.0 0.1 0.0
0.0 -0.11499999999999999 1.0 0.1 0.0
0.0 -0.11375000000000002 1.0 0.1 0.0
0.0 -0.11249999999999993 1.0 0.1 0.0
0.0 -0.11124999999999996 1.0 0.1 0.0
0.0 -0.10999999999999999 1.0 0.1 0.0
0.0 -0.10875000000000001 1.0 0.1 0.0
0.0 -0.10749999999999993 1.0 0.1 0.0
0.0 -0.10624999999999996 1.0 0.1 0.0
0.0 -0.10499999999999998 1.0 0.1 0.0
0.0 -0.10375000000000001 1.0 0.1 0.0
0.0 -0.10250000000000004 1.0 0.1 0.0
0.0 -0.10124999999999995 1.0 0.1 0.0
0.0 -0.09999999999999998 1.0 10.0 0.0
0.0 -0.09875 1.0 10.0 0.0
0.0 -0.09750000000000003 1.0 10.0 0.0
0.0 -0.09624999999999995 1.0 10.0 0.0
0.0 -0.09499999999999997 1.0 10.0 0.0
0.0 -0.09375 1.0 10.0 0.0
0.0 -0.09250000000000003 1.0 10.0 0.0
0.0 -0.09124999999999994 1.0 10.0 0.0
0.0 -0.08999999999999997 1.0 10.0 0.0
0.0 -0.08875 1.0 10.0 0.0
0.0 -0.08750000000000002 1.0 10.0 0.0
0.0 -0.08624999999999994 1.0 10.0 0.0
0.0 -0.08499999999999996 1.0 10.0 0.0
0.0 -0.08374999999999999 1.0 10.0 0.0
0.0 -0.08250000000000002 1.0 10.0 0.0
0.0 -0.08124999999999993 1.0 10.0 0.0
0.0 -0.07999999999999996 1.0 10.0 0.0
0.0 -0.07874999999999999 1.0 10.0 0.0
0.0 -0.07750000000000001 1.0 10.0 0.0
0.0 -0.07624999999999993 1.0 10.0 0.0
0.0 -0.07499999999999996 1.0 10.0 0.0
0.0 -0.07374999999999998 1.0 10.0 0.0
0.0 -0.07250000000000001 1.0 10.0 0.0
0.0 -0.07125000000000004 1.0 10.0 0.0
0.0 -0.06999999999999995 1.0 10.0 0.0
0.0 -0.06874999999999998 1.0 10.0 0.0
0.0 -0.0675 1.0 10.0 0.0
0.0 -0.06625000000000003 1.0 10.0 0.0
0.0 -0.06499999999999995 1.0 10.0 0.0
0.0 -0.06374999999999997 1.0 10.0 0.0
0.0 -0.0625 1.0 10.0 0.0
0.0 -0.06125000000000003 1.0 10.0 0.0
0.0 -0.05999999999999994 1.0 10.0 0.0
0.0 -0.05874999999999997 1.0 10.0 0.0
0.0 -0.057499999999999996 1.0 10.0 0.0
0.0 -0.05625000000000002 1.0 10.0 0.0
0.0 -0.05499999999999994 1.0 10.0 0.0
0.0 -0.053749999999999964 1.0 10.0 0.0
0.0 -0.05249999999999999 1.0 10.0 0.0
0.0 -0.05125000000000002 1.0 10.0 0.0
0.0 -0.04999999999999993 1.0 10.0 0.0
0.0 -0.04874999999999996 1.0 10.0 0.0
0.0 -0.04749999999999999 1.0 10.0 0.0
0.0 -0.04625000000000001 1.0 10.0 0.0
0.0 -0.04499999999999993 1.0 10.0 0.0
0.0 -0.043749999999999956 1.0 10.0 0.0
0.0 -0.04249999999999998 1.0 10.0 0.0
0.0 -0.04125000000000001 1.0 10.0 0.0
0.0 -0.040000000000000036 1.0 10.0 0.0
0.0 -0.03874999999999995 1.0 10.0 0.0
0.0 -0.03749999999999998 1.0 10.0 0.0
0.0 -0.036250000000000004 1.0 10.0 0.0
0.0 -0.03500000000000003 1.0 10.0 0.0
0.0 -0.03374999999999995 1.0 10.0 0.0
0.0 -0.03249999999999997 1.0 10.0 0.0
0.0 -0.03125 1.0 10.0 0.0
0.0 -0.030000000000000027 1.0 10.0 0.0
0.0 -0.028749999999999942 1.0 10.0 0.0
0.0 -0.02749999999999997 1.0 10.0 0.0
0.0 -0.026249999999999996 1.0 10.0 0.0
0.0 -0.025000000000000022 1.0 10.0 0.0
0.0 -0.023749999999999938 1.0 10.0 0.0
0.0 -0.022499999999999964 1.0 10.0 0.0
0.0 -0.02124999999999999 1.0 10.0 0.0
0.0 -0.020000000000000018 1.0 10.0 0.0
0.0 -0.018749999999999933 1.0 10.0 0.0
0.0 -0.01749999999999996 1.0 10.0 0.0
0.0 -0.016249999999999987 1.0 10.0 0.0
0.0 -0.015000000000000013 1.0 10.0 0.0
0.0 -0.013749999999999929 1.0 10.0 0.0
0.0 -0.012499999999999956 1.0 10.0 0.0
0.0 -0.011249999999999982 1.0 10.0 0.0
0.0 -0.010000000000000009 1.0 10.0 0.0
0.0 -0.008749999999999925 1.0 10.0 0.0
0.0 -0.007499999999999951 1.0 10.0 0.0
0.0 -0.006249999999999978 1.0 10.0 0.0
0.0 -0.0050000000000000044 1.0 10.0 0.0
0.0 -0.003750000000000031 1.0 10.0 0.0
0.0 -0.0024999999999999467 1.0 10.0 0.0
0.0 -0.0012499999999999734 1.0 10.0 0.0
0.0 0.0 1.0 10.0 0.0
0.0 0.0012499999999999734 1.0 10.0 0.0
0.0 0.0024999999999999467 1.0 10.0 0.0
0.0 0.00374999999999992 1.0 10.0 0.0
0.0 0.0050000000000001155 1.0 10.0 0.0
0.0 0.006250000000000089 1.0 10.0 0.0
0.0 0.007500000000000062 1.0 10.0 0.0
0.0 0.008750000000000036 1.0 10.0 0.0
0.0 0.010000000000000009 1.0 10.0 0.0
0.0 0.011249999999999982 1.0 10.0 0.0
0.0 0.012499999999999956 1.0 10.0 0.0
0.0 0.013749999999999929 1.0 10.0 0.0
0.0 0.015000000000000124 1.0 10.0 0.0
0.0 0.016250000000000098 1.0 10.0 0.0
0.0 0.01750000000000007 1.0 10.0 0.0
0.0 0.018750000000000044 1.0 10.0 0.0
0.0 0.020000000000000018 1.0 10.0 0.0
0.0 0.02124999999999999 1.0 10.0 0.0
0.0 0.022499999999999964 1.0 10.0 0.0
0.0 0.023749999999999938 1.0 10.0 0.0
0.0 0.02499999999999991 1.0 10.0 0.0
0.0 0.026250000000000107 1.0 10.0 0.0
0.0 0.02750000000000008 1.0 10.0 0.0
0.0 0.028750000000000053 1.0 10.0 0.0
0.0 0.030000000000000027 1.0 10.0 0.0
0.0 0.03125 1.0 10.0 0.0
0.0 0.03249999999999997 1.0 10.0 0.0
0.0 0.03374999999999995 1.0 10.0 0.0
0.0 0.03499999999999992 1.0 10.0 0.0
0.0 0.036250000000000115 1.0 10.0 0.0
0.0 0.03750000000000009 1.0 10.0 0.0
0.0 0.03875000000000006 1.0 10.0 0.0
0.0 0.040000000000000036 1.0 10.0 0.0
0.0 0.04125000000000001 1.0 10.0 0.0
0.0 0.04249999999999998 1.0 10.0 0.0
0.0 0.043749999999999956 1.0 10.0 0.0
0.0 0.04499999999999993 1.0 10.0 0.0
0.0 0.046250000000000124 1.0 10.0 0.0
0.0 0.0475000000000001 1.0 10.0 0.0
0.0 0.04875000000000007 1.0 10.0 0.0
0.0 0.050000000000000044 1.0 10.0 0.0
0.0 0.05125000000000002 1.0 10.0 0.0
0.0 0.05249999999999999 1.0 10.0 0.0
0.0 0.053749999999999964 1.0 10.0 0.0
0.0 0.05499999999999994 1.0 10.0 0.0
0.0 0.05624999999999991 1.0 10.0 0.0
0.0 0.05750000000000011 1.0 10.0 0.0
0.0 0.05875000000000008 1.0 10.0 0.0
0.0 0.06000000000000005 1.0 10.0 0.0
0.0 0.06125000000000003 1.0 10.0 0.0
0.0 0.0625 1.0 10.0 0.0
0.0 0.06374999999999997 1.0 10.0 0.0
0.0 0.06499999999999995 1.0 10.0 0.0
0.0 0.06624999999999992 1.0 10.0 0.0
0.0 0.06750000000000012 1.0 10.0 0.0
0.0 0.06875000000000009 1.0 10.0 0.0
0.0 0.07000000000000006 1.0 10.0 0.0
0.0 0.07125000000000004 1.0 10.0 0.0
0.0 0.07250000000000001 1.0 10.0 0.0
0.0 0.07374999999999998 1.0 10.0 0.0
0.0 0.07499999999999996 1.0 10.0 0.0
0.0 0.07624999999999993 1.0 10.0 0.0
0.0 0.07750000000000012 1.0 10.0 0.0
0.0 0.0787500000000001 1.0 10.0 0.0
0.0 0.08000000000000007 1.0 10.0 0.0
0.0 0.08125000000000004 1.0 10.0 0.0
0.0 0.08250000000000002 1.0 10.0 0.0
0.0 0.08374999999999999 1.0 10.0 0.0
0.0 0.08499999999999996 1.0 10.0 0.0
0.0 0.08624999999999994 1.0 10.0 0.0
0.0 0.08750000000000013 1.0 10.0 0.0
0.0 0.0887500000000001 1.0 10.0 0.0
0.0 0.09000000000000008 1.0 10.0 0.0
0.0 0.09125000000000005 1.0 10.0 0.0
0.0 0.09250000000000003 1.0 10.0 0.0
0.0 0.09375 1.0 10.0 0.0
0.0 0.09499999999999997 1.0 10.0 0.0
0.0 0.09624999999999995 1.0 10.0 0.0
0.0 0.09749999999999992 1.0 10.0 0.0
0.0 0.09875000000000012 1.0 10.0 0.0
0.0 0.10000000000000009 1.0 0.1 0.0
0.0 0.10125000000000006 1.0 0.1 0.0
0.0 0.10250000000000004 1.0 0.1 0.0
0.0 0.10375000000000001 1.0 0.1 0.0
0.0 0.10499999999999998 1.0 0.1 0.0
0.0 0.10624999999999996 1.0 0.1 0.0
0.0 0.10749999999999993 1.0 0.1 0.0
0.0 0.10875000000000012 1.0 0.1 0.0
0.0 0.1100000000000001 1.0 0.1 0.0
0.0 0.11125000000000007 1.0 0.1 0.0
0.0 0.11250000000000004 1.0 0.1 0.0
0.0 0.11375000000000002 1.0 0.1 0.0
0.0 0.11499999999999999 1.0 0.1 0.0
0.0 0.11624999999999996 1.0 0.1 0.0
0.0 0.11749999999999994 1.0 0.1 0.0
0.0 0.11875000000000013 1.0 0.1 0.0
0.0 0.1200000000000001 1.0 0.1 0.0
0.0 0.12125000000000008 1.0 0.1 0.0
0.0 0.12250000000000005 1.0 0.1 0.0
0.0 0.12375000000000003 1.0 0.1 0.0
0.0 0.125 1.0 0.1 0.0
0.0 0.12624999999999997 1.0 0.1 0.0
0.0 0.12749999999999995 1.0 0.1 0.0
0.0 0.12874999999999992 1.0 0.1 0.0
0.0 0.13000000000000012 1.0 0.1 0.0
0.0 0.1312500000000001 1.0 0.1 0.0
0.0 0.13250000000000006 1.0 0.1 0.0
0.0 0.13375000000000004 1.0 0.1 0.0
0.0 0.135 1.0 0.1 0.0
0.0 0.13624999999999998 1.0 0.1 0.0
0.0 0.13749999999999996 1.0 0.1 0.0
0.0 0.13874999999999993 1.0 0.1 0.0
0.0 0.14000000000000012 1.0 0.1 0.0
0.0 0.1412500000000001 1.0 0.1 0.0
0.0 0.14250000000000007 1.0 0.1 0.0
0.0 0.14375000000000004 1.0 0.1 0.0
0.0 0.14500000000000002 1.0 0.1 0.0
0.0 0.14625 1.0 0.1 0.0
0.0 0.14749999999999996 1.0 0.1 0.0
0.0 0.14874999999999994 1.0 0.1 0.0
0.0 0.15000000000000013 1.0 0.1 0.0
0.0 0.1512500000000001 1.0 0.1 0.0
0.0 0.15250000000000008 1.0 0.1 0.0
0.0 0.15375000000000005 1.0 0.1 0.0
0.0 0.15500000000000003 1.0 0.1 0.0
0.0 0.15625 1.0 0.1 0.0
0.0 0.15749999999999997 1.0 0.1 0.0
0.0 0.15874999999999995 1.0 0.1 0.0
0.0 0.15999999999999992 1.0 0.1 0.0
0.0 0.16125000000000012 1.0 0.1 0.0
0.0 0.1625000000000001 1.0 0.1 0.0
0.0 0.16375000000000006 1.0 0.1 0.0
0.0 0.16500000000000004 1.0 0.1 0.0
0.0 0.16625 1.0 0.1 0.0
0.0 0.16749999999999998 1.0 0.1 0.0
0.0 0.16874999999999996 1.0 0.1 0.0
0.0 0.16999999999999993 1.0 0.1 0.0
0.0 0.17125000000000012 1.0 0.1 0.0
0.0 0.1725000000000001 1.0 0.1 0.0
0.0 0.17375000000000007 1.0 0.1 0.0
0.0 0.17500000000000004 1.0 0.1 0.0
0.0 0.17625000000000002 1.0 0.1 0.0
0.0 0.1775 1.0 0.1 0.0
0.0 0.17874999999999996 1.0 0.1 0.0
0.0 0.17999999999999994 1.0 0.1 0.0
0.0 0.18125000000000013 1.0 0.1 0.0
0.0 0.1825000000000001 1.0 0.1 0.0
0.0 0.18375000000000008 1.0 0.1 0.0
0.0 0.18500000000000005 1.0 0.1 0.0
0.0 0.18625000000000003 1.0 0.1 0.0
0.0 0.1875 1.0 0.1 0.0
0.0 0.18874999999999997 1.0 0.1 0.0
0.0 0.18999999999999995 1.0 0.1 0.0
0.0 0.19124999999999992 1.0 0.1 0.0
0.0 0.19250000000000012 1.0 0.1 0.0
0.0 0.1937500000000001 1.0 0.1 0.0
0.0 0.19500000000000006 1.0 0.1 0.0
0.0 0.19625000000000004 1.0 0.1 0.0
0.0 0.1975 1.0 0.1 0.0
0.0 0.19874999999999998 1.0 0.1 0.0
0.0 0.19999999999999996 1.0 0.1 0.0
0.0 0.20124999999999993 1.0 0.1 0.0
0.0 0.20250000000000012 1.0 0.1 0.0
0.0 0.2037500000000001 1.0 0.1 0.0
0.0 0.20500000000000007 1.0 0.1 0.0
0.0 0.20625000000000004 1.0 0.1 0.0
0.0 0.20750000000000002 1.0 0.1 0.0
0.0 0.20875 1.0 0.1 0.0
0.0 0.20999999999999996 1.0 0.1 0.0
0.0 0.21124999999999994 1.0 0.1 0.0
0.0 0.21250000000000013 1.0 0.1 0.0
0.0 0.2137500000000001 1.0 0.1 0.0
0.0 0.21500000000000008 1.0 0.1 0.0
0.0 0.21625000000000005 1.0 0.1 0.0
0.0 0.21750000000000003 1.0 0.1 0.0
0.0 0.21875 1.0 0.1 0.0
0.0 0.21999999999999997 1.0 0.1 0.0
0.0 0.22124999999999995 1.0 0.1 0.0
0.0 0.22249999999999992 1.0 0.1 0.0
0.0 0.22375000000000012 1.0 0.1 0.0
0.0 0.2250000000000001 1.0 0.1 0.0
0.0 0.22625000000000006 1.0 0.1 0.0
0.0 0.22750000000000004 1.0 0.1 0.0
0.0 0.22875 1.0 0.1 0.0
0.0 0.22999999999999998 1.0 0.1 0.0
0.0 0.23124999999999996 1.0 0.1 0.0
0.0 0.23249999999999993 1.0 0.1 0.0
0.0 0.23375000000000012 1.0 0.1 0.0
0.0 0.2350000000000001 1.0 0.1 0.0
0.0 0.23625000000000007 1.0 0.1 0.0
0.0 0.23750000000000004 1.0 0.1 0.0
0.0 0.23875000000000002 1.0 0.1 0.0
0.0 0.24 1.0 0.1 0.0
0.0 0.24124999999999996 1.0 0.1 0.0
0.0 0.24249999999999994 1.0 0.1 0.0
0.0 0.24375000000000013 1.0 0.1 0.0
0.0 0.2450000000000001 1.0 0.1 0.0
0.0 0.24625000000000008 1.0 0.1 0.0
0.0 0.24750000000000005 1.0 0.1 0.0
0.0 0.24875000000000003 1.0 0.1 0.0
0.0 0.25 1.0 0.1 0.0
0.0 0.25125 1.0 0.1 0.0
0.0 0.25249999999999995 1.0 0.1 0.0
0.0 0.2537499999999999 1.0 0.1 0.0
0.0 0.2550000000000001 1.0 0.1 0.0
0.0 0.2562500000000001 1.0 0.1 0.0
0.0 0.25750000000000006 1.0 0.1 0.0
0.0 0.25875000000000004 1.0 0.1 0.0
0.0 0.26 1.0 0.1 0.0
0.0 0.26125 1.0 0.1 0.0
0.0 0.26249999999999996 1.0 0.1 0.0
0.0 0.26374999999999993 1.0 0.1 0.0
0.0 0.2650000000000001 1.0 0.1 0.0
0.0 0.2662500000000001 1.0 0.1 0.0
0.0 0.26750000000000007 1.0 0.1 0.0
0.0 0.26875000000000004 1.0 0.1 0.0
0.0 0.27 1.0 0.1 0.0
0.0 0.27125 1.0 0.1 0.0
0.0 0.27249999999999996 1.0 0.1 0.0
0.0 0.27374999999999994 1.0 0.1 0.0
0.0 0.27500000000000013 1.0 0.1 0.0
0.0 0.2762500000000001 1.0 0.1 0.0
0.0 0.2775000000000001 1.0 0.1 0.0
0.0 0.27875000000000005 1.0 0.1 0.0
0.0 0.28 1.0 0.1 0.0
0.0 0.28125 1.0 0.1 0.0
0.0 0.2825 1.0 0.1 0.0
0.0 0.28374999999999995 1.0 0.1 0.0
0.0 0.2849999999999999 1.0 0.1 0.0
0.0 0.2862500000000001 1.0 0.1 0.0
0.0 0.2875000000000001 1.0 0.1 0.0
0.0 0.28875000000000006 1.0 0.1 0.0
0.0 0.29000000000000004 1.0 0.1 0.0
0.0 0.29125 1.0 0.1 0.0
0.0 0.2925 1.0 0.1 0.0
0.0 0.29374999999999996 1.0 0.1 0.0
0.0 0.29499999999999993 1.0 0.1 0.0
0.0 0.2962500000000001 1.0 0.1 0.0
0.0 0.2975000000000001 1.0 0.1 0.0
0.0 0.29875000000000007 1.0 0.1 0.0
0.0 0.30000000000000004 1.0 0.1 0.0
0.0 0.30125 1.0 0.1 0.0
0.0 0.3025 1.0 0.1 0.0
0.0 0.30374999999999996 1.0 0.1 0.0
0.0 0.30499999999999994 1.0 0.1 0.0
0.0 0.30625000000000013 1.0 0.1 0.0
0.0 0.3075000000000001 1.0 0.1 0.0
0.0 0.3087500000000001 1.0 0.1 0.0
0.0 0.31000000000000005 1.0 0.1 0.0
0.0 0.31125 1.0 0.1 0.0
0.0 0.3125 1.0 0.1 0.0
0.0 0.31375 1.0 0.1 0.0
0.0 0.31499999999999995 1.0 0.1 0.0
0.0 0.3162499999999999 1.0 0.1 0.0
0.0 0.3175000000000001 1.0 0.1 0.0
0.0 0.3187500000000001 1.0 0.1 0.0
0.0 0.32000000000000006 1.0 0.1 0.0
0.0 0.32125000000000004 1.0 0.1 0.0
0.0 0.3225 1.0 0.1 0.0
0.0 0.32375 1.0 0.1 0.0
0.0 0.32499999999999996 1.0 0.1 0.0
0.0 0.32624999999999993 1.0 0.1 0.0
0.0 0.3275000000000001 1.0 0.1 0.0
0.0 0.3287500000000001 1.0 0.1 0.0
0.0 0.33000000000000007 1.0 0.1 0.0
0.0 0.33125000000000004 1.0 0.1 0.0
0.0 0.3325 1.0 0.1 0.0
0.0 0.33375 1.0 0.1 0.0
0.0 0.33499999999999996 1.0 0.1 0.0
0.0 0.33624999999999994 1.0 0.1 0.0
0.0 0.33750000000000013 1.0 0.1 0.0
0.0 0.3387500000000001 1.0 0.1 0.0
0.0 0.3400000000000001 1.0 0.1 0.0
0.0 0.34125000000000005 1.0 0.1 0.0
0.0 0.3425 1.0 0.1 0.0
0.0 0.34375 1.0 0.1 0.0
0.0 0.345 1.0 0.1 0.0
0.0 0.34624999999999995 1.0 0.1 0.0
0.0 0.3474999999999999 1.0 0.1 0.0
0.0 0.3487500000000001 1.0 0.1 0.0
0.0 0.3500000000000001 1.0 0.1 0.0
0.0 0.35125000000000006 1.0 0.1 0.0
0.0 0.35250000000000004 1.0 0.1 0.0
0.0 0.35375 1.0 0.1 0.0
0.0 0.355 1.0 0.1 0.0
0.0 0.35624999999999996 1.0 0.1 0.0
0.0 0.35749999999999993 1.0 0.1 0.0
0.0 0.3587500000000001 1.0 0.1 0.0
0.0 0.3600000000000001 1.0 0.1 0.0
0.0 0.36125000000000007 1.0 0.1 0.0
0.0 0.36250000000000004 1.0 0.1 0.0
0.0 0.36375 1.0 0.1 0.0
0.0 0.365 1.0 0.1 0.0
0.0 0.36624999999999996 1.0 0.1 0.0
0.0 0.36749999999999994 1.0 0.1 0.0
0.0 0.36875000000000013 1.0 0.1 0.0
0.0 0.3700000000000001 1.0 0.1 0.0
0.0 0.3712500000000001 1.0 0.1 0.0
0.0 0.37250000000000005 1.0 0.1 0.0
0.0 0.37375 1.0 0.1 0.0
0.0 0.375 1.0 0.1 0.0
0.0 0.37625 1.0 0.1 0.0
0.0 0.37749999999999995 1.0 0.1 0.0
0.0 0.3787499999999999 1.0 0.1 0.0
0.0 0.3800000000000001 1.0 0.1 0.0
0.0 0.3812500000000001 1.0 0.1 0.0
0.0 0.38250000000000006 1.0 0.1 0.0
0.0 0.38375000000000004 1.0 0.1 0.0
0.0 0.385 1.0 0.1 0.0
0.0 0.38625 1.0 0.1 0.0
0.0 0.38749999999999996 1.0 0.1 0.0
0.0 0.38874999999999993 1.0 0.1 0.0
0.0 0.3900000000000001 1.0 0.1 0.0
0.0 0.3912500000000001 1.0 0.1 0.0
0.0 0.39250000000000007 1.0 0.1 0.0
0.0 0.39375000000000004 1.0 0.1 0.0
0.0 0.395 1.0 0.1 0.0
0.0 0.39625 1.0 0.1 0.0
0.0 0.39749999999999996 1.0 0.1 0.0
0.0 0.39874999999999994 1.0 0.1 0.0
0.0 0.40000000000000013 1.0 0.1 0.0
0.0 0.4012500000000001 1.0 0.1 0.0
0.0 0.4025000000000001 1.0 0.1 0.0
0.0 0.40375000000000005 1.0 0.1 0.0
0.0 0.405 1.0 0.1 0.0
0.0 0.40625 1.0 0.1 0.0
0.0 0.4075 1.0 0.1 0.0
0.0 0.40874999999999995 1.0 0.1 0.0
0.0 0.4099999999999999 1.0 0.1 0.0
0.0 0.4112500000000001 1.0 0.1 0.0
0.0 0.4125000000000001 1.0 0.1 0.0
0.0 0.41375000000000006 1.0 0.1 0.0
0.0 0.41500000000000004 1.0 0.1 0.0
0.0 0.41625 1.0 0.1 0.0
0.0 0.4175 1.0 0.1 0.0
0.0 0.41874999999999996 1.0 0.1 0.0
0.0 0.41999999999999993 1.0 0.1 0.0
0.0 0.4212500000000001 1.0 0.1 0.0
0.0 0.4225000000000001 1.0 0.1 0.0
0.0 0.42375000000000007 1.0 0.1 0.0
0.0 0.42500000000000004 1.0 0.1 0.0
0.0 0.42625 1.0 0.1 0.0
0.0 0.4275 1.0 0.1 0.0
0.0 0.42874999999999996 1.0 0.1 0.0
0.0 0.42999999999999994 1.0 0.1 0.0
0.0 0.43125000000000013 1.0 0.1 0.0
0.0 0.4325000000000001 1.0 0.1 0.0
0.0 0.4337500000000001 1.0 0.1 0.0
0.0 0.43500000000000005 1.0 0.1 0.0
0.0 0.43625 1.0 0.1 0.0
0.0 0.4375 1.0 0.1 0.0
0.0 0.43875 1.0 0.1 0.0
0.0 0.43999999999999995 1.0 0.1 0.0
0.0 0.4412499999999999 1.0 0.1 0.0
0.0 0.4425000000000001 1.0 0.1 0.0
0.0 0.4437500000000001 1.0 0.1 0.0
0.0 0.44500000000000006 1.0 0.1 0.0
0.0 0.44625000000000004 1.0 0.1 0.0
0.0 0.4475 1.0 0.1 0.0
0.0 0.44875 1.0 0.1 0.0
0.0 0.44999999999999996 1.0 0.1 0.0
0.0 0.45124999999999993 1.0 0.1 0.0
0.0 0.4525000000000001 1.0 0.1 0.0
0.0 0.4537500000000001 1.0 0.1 0.0
0.0 0.45500000000000007 1.0 0.1 0.0
0.0 0.45625000000000004 1.0 0.1 0.0
0.0 0.4575 1.0 0.1 0.0
0.0 0.45875 1.0 0.1 0.0
0.0 0.45999999999999996 1.0 0.1 0.0
0.0 0.46124999999999994 1.0 0.1 0.0
0.0 0.46250000000000013 1.0 0.1 0.0
0.0 0.4637500000000001 1.0 0.1 0.0
0.0 0.4650000000000001 1.0 0.1 0.0
0.0 0.46625000000000005 1.0 0.1 0.0
0.0 0.4675 1.0 0.1 0.0
0.0 0.46875 1.0 0.1 0.0
0.0 0.47 1.0 0.1 0.0
0.0 0.47124999999999995 1.0 0.1 0.0
0.0 0.4724999999999999 1.0 0.1 0.0
0.0 0.4737500000000001 1.0 0.1 0.0
0.0 0.4750000000000001 1.0 0.1 0.0
0.0 0.47625000000000006 1.0 0.1 0.0
0.0 0.47750000000000004 1.0 0.1 0.0
0.0 0.47875 1.0 0.1 0.0
0.0 0.48 1.0 0.1 0.0
0.0 0.48124999999999996 1.0 0.1 0.0
0.0 0.48249999999999993 1.0 0.1 0.0
0.0 0.4837500000000001 1.0 0.1 0.0
0.0 0.4850000000000001 1.0 0.1 0.0
0.0 0.48625000000000007 1.0 0.1 0.0
0.0 0.48750000000000004 1.0 0.1 0.0
0.0 0.48875 1.0 0.1 0.0
0.0 0.49 1.0 0.1 0.0
0.0 0.49124999999999996 1.0 0.1 0.0
0.0 0.49249999999999994 1.0 0.1 0.0
0.0 0.49375000000000013 1.0 0.1 0.0
0.0 0.4950000000000001 1.0 0.1 0.0
0.0 0.4962500000000001 1.0 0.1 0.0
0.0 0.49750000000000005 1.0 0.1 0.0
0.0 0.49875 1.0 0.1 0.0
0.0 0.5 1.0 0.1 0.0
0.0 0.50125 1.0 0.1 0.0
0.0 0.5025 1.0 0.1 0.0
0.0 0.5037500000000001 1.0 0.1 0.0
0.0 0.5050000000000001 1.0 0.1 0.0
0.0 0.5062500000000001 1.0 0.1 0.0
0.0 0.5075000000000001 1.0 0.1 0.0
0.0 0.50875 1.0 0.1 0.0
0.0 0.51 1.0 0.1 0.0
0.0 0.51125 1.0 0.1 0.0
0.0 0.5125 1.0 0.1 0.0
0.0 0.5137499999999999 1.0 0.1 0.0
0.0 0.5150000000000001 1.0 0.1 0.0
0.0 0.5162500000000001 1.0 0.1 0.0
0.0 0.5175000000000001 1.0 0.1 0.0
0.0 0.51875 1.0 0.1 0.0
0.0 0.52 1.0 0.1 0.0
0.0 0.52125 1.0 0.1 0.0
0.0 0.5225 1.0 0.1 0.0
0.0 0.5237499999999999 1.0 0.1 0.0
0.0 0.5250000000000001 1.0 0.1 0.0
0.0 0.5262500000000001 1.0 0.1 0.0
0.0 0.5275000000000001 1.0 0.1 0.0
0.0 0.52875 1.0 0.1 0.0
0.0 0.53 1.0 0.1 0.0
0.0 0.53125 1.0 0.1 0.0
0.0 0.5325 1.0 0.1 0.0
0.0 0.53375 1.0 0.1 0.0
0.0 0.5350000000000001 1.0 0.1 0.0
0.0 0.5362500000000001 1.0 0.1 0.0
0.0 0.5375000000000001 1.0 0.1 0.0
0.0 0.5387500000000001 1.0 0.1 0.0
0.0 0.54 1.0 0.1 0.0
0.0 0.54125 1.0 0.1 0.0
0.0 0.5425 1.0 0.1 0.0
0.0 0.54375 1.0 0.1 0.0
0.0 0.5449999999999999 1.0 0.1 0.0
0.0 0.5462500000000001 1.0 0.1 0.0
0.0 0.5475000000000001 1.0 0.1 0.0
0.0 0.5487500000000001 1.0 0.1 0.0
0.0 0.55 1.0 0.1 0.0
0.0 0.55125 1.0 0.1 0.0
0.0 0.5525 1.0 0.1 0.0
0.0 0.55375 1.0 0.1 0.0
0.0 0.5549999999999999 1.0 0.1 0.0
0.0 0.5562500000000001 1.0 0.1 0.0
0.0 0.5575000000000001 1.0 0.1 0.0
0.0 0.5587500000000001 1.0 0.1 0.0
0.0 0.56 1.0 0.1 0.0
0.0 0.56125 1.0 0.1 0.0
0.0 0.5625 1.0 0.1 0.0
0.0 0.56375 1.0 0.1 0.0
0.0 0.565 1.0 0.1 0.0
0.0 0.5662500000000001 1.0 0.1 0.0
0.0 0.5675000000000001 1.0 0.1 0.0
0.0 0.5687500000000001 1.0 0.1 0.0
0.0 0.5700000000000001 1.0 0.1 0.0
0.0 0.57125 1.0 0.1 0.0
0.0 0.5725 1.0 0.1 0.0
0.0 0.57375 1.0 0.1 0.0
0.0 0.575 1.0 0.1 0.0
0.0 0.5762499999999999 1.0 0.1 0.0
0.0 0.5775000000000001 1.0 0.1 0.0
0.0 0.5787500000000001 1.0 0.1 0.0
0.0 0.5800000000000001 1.0 0.1 0.0
0.0 0.58125 1.0 0.1 0.0
0.0 0.5825 1.0 0.1 0.0
0.0 0.58375 1.0 0.1 0.0
0.0 0.585 1.0 0.1 0.0
0.0 0.5862499999999999 1.0 0.1 0.0
0.0 0.5875000000000001 1.0 0.1 0.0
0.0 0.5887500000000001 1.0 0.1 0.0
0.0 0.5900000000000001 1.0 0.1 0.0
0.0 0.59125 1.0 0.1 0.0
0.0 0.5925 1.0 0.1 0.0
0.0 0.59375 1.0 0.1 0.0
0.0 0.595 1.0 0.1 0.0
0.0 0.59625 1.0 0.1 0.0
0.0 0.5975000000000001 1.0 0.1 0.0
0.0 0.5987500000000001 1.0 0.1 0.0
0.0 0.6000000000000001 1.0 0.1 0.0
0.0 0.6012500000000001 1.0 0.1 0.0
0.0 0.6025 1.0 0.1 0.0
0.0 0.60375 1.0 0.1 0.0
0.0 0.605 1.0 0.1 0.0
0.0 0.60625 1.0 0.1 0.0
0.0 0.6074999999999999 1.0 0.1 0.0
0.0 0.6087500000000001 1.0 0.1 0.0
0.0 0.6100000000000001 1.0 0.1 0.0
0.0 0.6112500000000001 1.0 0.1 0.0
0.0 0.6125 1.0 0.1 0.0
0.0 0.61375 1.0 0.1 0.0
0.0 0.615 1.0 0.1 0.0
0.0 0.61625 1.0 0.1 0.0
0.0 0.6174999999999999 1.0 0.1 0.0
0.0 0.6187500000000001 1.0 0.1 0.0
0.0 0.6200000000000001 1.0 0.1 0.0
0.0 0.6212500000000001 1.0 0.1 0.0
0.0 0.6225 1.0 0.1 0.0
0.0 0.62375 1.0 0.1 0.0
0.0 0.625 1.0 0.1 0.0
0.0 0.62625 1.0 0.1 0.0
0.0 0.6275 1.0 0.1 0.0
0.0 0.6287500000000001 1.0 0.1 0.0
0.0 0.6300000000000001 1.0 0.1 0.0
0.0 0.6312500000000001 1.0 0.1 0.0
0.0 0.6325000000000001 1.0 0.1 0.0
0.0 0.63375 1.0 0.1 0.0
0.0 0.635 1.0 0.1 0.0
0.0 0.63625 1.0 0.1 0.0
0.0 0.6375 1.0 0.1 0.0
0.0 0.6387499999999999 1.0 0.1 0.0
0.0 0.6400000000000001 1.0 0.1 0.0
0.0 0.6412500000000001 1.0 0.1 0.0
0.0 0.6425000000000001 1.0 0.1 0.0
0.0 0.64375 1.0 0.1 0.0
0.0 0.645 1.0 0.1 0.0
0.0 0.64625 1.0 0.1 0.0
0.0 0.6475 1.0 0.1 0.0
0.0 0.6487499999999999 1.0 0.1 0.0
0.0 0.6500000000000001 1.0 0.1 0.0
0.0 0.6512500000000001 1.0 0.1 0.0
0.0 0.6525000000000001 1.0 0.1 0.0
0.0 0.65375 1.0 0.1 0.0
0.0 0.655 1.0 0.1 0.0
0.0 0.65625 1.0 0.1 0.0
0.0 0.6575 1.0 0.1 0.0
0.0 0.65875 1.0 0.1 0.0
0.0 0.6600000000000001 1.0 0.1 0.0
0.0 0.6612500000000001 1.0 0.1 0.0
0.0 0.6625000000000001 1.0 0.1 0.0
0.0 0.6637500000000001 1.0 0.1 0.0
0.0 0.665 1.0 0.1 0.0
0.0 0.66625 1.0 0.1 0.0
0.0 0.6675 1.0 0.1 0.0
0.0 0.66875 1.0 0.1 0.0
0.0 0.6699999999999999 1.0 0.1 0.0
0.0 0.6712500000000001 1.0 0.1 0.0
0.0 0.6725000000000001 1.0 0.1 0.0
0.0 0.6737500000000001 1.0 0.1 0.0
0.0 0.675 1.0 0.1 0.0
0.0 0.67625 1.0 0.1 0.0
0.0 0.6775 1.0 0.1 0.0
0.0 0.67875 1.0 0.1 0.0
0.0 0.6799999999999999 1.0 0.1 0.0
0.0 0.6812500000000001 1.0 0.1 0.0
0.0 0.6825000000000001 1.0 0.1 0.0
0.0 0.6837500000000001 1.0 0.1 0.0
0.0 0.685 1.0 0.1 0.0
0.0 0.68625 1.0 0.1 0.0
0.0 0.6875 1.0 0.1 0.0
0.0 0.68875 1.0 0.1 0.0
0.0 0.69 1.0 0.1 0.0
0.0 0.6912500000000001 1.0 0.1 0.0
0.0 0.6925000000000001 1.0 0.1 0.0
0.0 0.6937500000000001 1.0 0.1 0.0
0.0 0.6950000000000001 1.0 0.1 0.0
0.0 0.69625 1.0 0.1 0.0
0.0 0.6975 1.0 0.1 0.0
0.0 0.69875 1.0 0.1 0.0
0.0 0.7 1.0 0.1 0.0
0.0 0.7012499999999999 1.0 0.1 0.0
0.0 0.7025000000000001 1.0 0.1 0.0
0.0 0.7037500000000001 1.0 0.1 0.0
0.0 0.7050000000000001 1.0 0.1 0.0
0.0 0.70625 1.0 0.1 0.0
0.0 0.7075 1.0 0.1 0.0
0.0 0.70875 1.0 0.1 0.0
0.0 0.71 1.0 0.1 0.0
0.0 0.7112499999999999 1.0 0.1 0.0
0.0 0.7125000000000001 1.0 0.1 0.0
0.0 0.7137500000000001 1.0 0.1 0.0
0.0 0.7150000000000001 1.0 0.1 0.0
0.0 0.71625 1.0 0.1 0.0
0.0 0.7175 1.0 0.1 0.0
0.0 0.71875 1.0 0.1 0.0
0.0 0.72 1.0 0.1 0.0
0.0 0.72125 1.0 0.1 0.0
0.0 0.7225000000000001 1.0 0.1 0.0
0.0 0.7237500000000001 1.0 0.1 0.0
0.0 0.7250000000000001 1.0 0.1 0.0
0.0 0.7262500000000001 1.0 0.1 0.0
0.0 0.7275 1.0 0.1 0.0
0.0 0.72875 1.0 0.1 0.0
0.0 0.73 1.0 0.1 0.0
0.0 0.73125 1.0 0.1 0.0
0.0 0.7324999999999999 1.0 0.1 0.0
0.0 0.7337500000000001 1.0 0.1 0.0
0.0 0.7350000000000001 1.0 0.1 0.0
0.0 0.7362500000000001 1.0 0.1 0.0
0.0 0.7375 1.0 0.1 0.0
0.0 0.73875 1.0 0.1 0.0
0.0 0.74 1.0 0.1 0.0
0.0 0.74125 1.0 0.1 0.0
0.0 0.7424999999999999 1.0 0.1 0.0
0.0 0.7437500000000001 1.0 0.1 0.0
0.0 0.7450000000000001 1.0 0.1 0.0
0.0 0.7462500000000001 1.0 0.1 0.0
0.0 0.7475 1.0 0.1 0.0
0.0 0.74875 1.0 0.1 0.0
0.0 0.75 1.0 0.1 0.0
0.0 0.75125 1.0 0.1 0.0
0.0 0.7525 1.0 0.1 0.0
0.0 0.7537500000000001 1.0 0.1 0.0
0.0 0.7550000000000001 1.0 0.1 0.0
0.0 0.7562500000000001 1.0 0.1 0.0
0.0 0.7575000000000001 1.0 0.1 0.0
0.0 0.75875 1.0 0.1 0.0
0.0 0.76 1.0 0.1 0.0
0.0 0.76125 1.0 0.1 0.0
0.0 0.7625 1.0 0.1 0.0
0.0 0.7637499999999999 1.0 0.1 0.0
0.0 0.7650000000000001 1.0 0.1 0.0
0.0 0.7662500000000001 1.0 0.1 0.0
0.0 0.7675000000000001 1.0 0.1 0.0
0.0 0.76875 1.0 0.1 0.0
0.0 0.77 1.0 0.1 0.0
0.0 0.77125 1.0 0.1 0.0
0.0 0.7725 1.0 0.1 0.0
0.0 0.7737499999999999 1.0 0.1 0.0
0.0 0.7750000000000001 1.0 0.1 0.0
0.0 0.7762500000000001 1.0 0.1 0.0
0.0 0.7775000000000001 1.0 0.1 0.0
0.0 0.77875 1.0 0.1 0.0
0.0 0.78 1.0 0.1 0.0
0.0 0.78125 1.0 0.1 0.0
0.0 0.7825 1.0 0.1 0.0
0.0 0.78375 1.0 0.1 0.0
0.0 0.7850000000000001 1.0 0.1 0.0
0.0 0.7862500000000001 1.0 0.1 0.0
0.0 0.7875000000000001 1.0 0.1 0.0
0.0 0.7887500000000001 1.0 0.1 0.0
0.0 0.79 1.0 0.1 0.0
0.0 0.79125 1.0 0.1 0.0
0.0 0.7925 1.0 0.1 0.0
0.0 0.79375 1.0 0.1 0.0
0.0 0.7949999999999999 1.0 0.1 0.0
0.0 0.7962500000000001 1.0 0.1 0.0
0.0 0.7975000000000001 1.0 0.1 0.0
0.0 0.7987500000000001 1.0 0.1 0.0
0.0 0.8 1.0 0.1 0.0
0.0 0.80125 1.0 0.1 0.0
0.0 0.8025 1.0 0.1 0.0
0.0 0.80375 1.0 0.1 0.0
0.0 0.8049999999999999 1.0 0.1 0.0
0.0 0.8062500000000001 1.0 0.1 0.0
0.0 0.8075000000000001 1.0 0.1 0.0
0.0 0.8087500000000001 1.0 0.1 0.0
0.0 0.81 1.0 0.1 0.0
0.0 0.81125 1.0 0.1 0.0
0.0 0.8125 1.0 0.1 0.0
0.0 0.81375 1.0 0.1 0.0
0.0 0.815 1.0 0.1 0.0
0.0 0.8162500000000001 1.0 0.1 0.0
0.0 0.8175000000000001 1.0 0.1 0.0
0.0 0.8187500000000001 1.0 0.1 0.0
0.0 0.8200000000000001 1.0 0.1 0.0
0.0 0.82125 1.0 0.1 0.0
0.0 0.8225 1.0 0.1 0.0
0.0 0.82375 1.0 0.1 0.0
0.0 0.825 1.0 0.1 0.0
0.0 0.8262499999999999 1.0 0.1 0.0
0.0 0.8275000000000001 1.0 0.1 0.0
0.0 0.8287500000000001 1.0 0.1 0.0
0.0 0.8300000000000001 1.0 0.1 0.0
0.0 0.83125 1.0 0.1 0.0
0.0 0.8325 1.0 0.1 0.0
0.0 0.83375 1.0 0.1 0.0
0.0 0.835 1.0 0.1 0.0
0.0 0.8362499999999999 1.0 0.1 0.0
0.0 0.8375000000000001 1.0 0.1 0.0
0.0 0.8387500000000001 1.0 0.1 0.0
0.0 0.8400000000000001 1.0 0.1 0.0
0.0 0.84125 1.0 0.1 0.0
0.0 0.8425 1.0 0.1 0.0
0.0 0.84375 1.0 0.1 0.0
0.0 0.845 1.0 0.1 0.0
0.0 0.84625 1.0 0.1 0.0
0.0 0.8475000000000001 1.0 0.1 0.0
0.0 0.8487500000000001 1.0 0.1 0.0
0.0 0.8500000000000001 1.0 0.1 0.0
0.0 0.8512500000000001 1.0 0.1 0.0
0.0 0.8525 1.0 0.1 0.0
0.0 0.85375 1.0 0.1 0.0
0.0 0.855 1.0 0.1 0.0
0.0 0.85625 1.0 0.1 0.0
0.0 0.8574999999999999 1.0 0.1 0.0
0.0 0.8587500000000001 1.0 0.1 0.0
0.0 0.8600000000000001 1.0 0.1 0.0
0.0 0.8612500000000001 1.0 0.1 0.0
0.0 0.8625 1.0 0.1 0.0
0.0 0.86375 1.0 0.1 0.0
0.0 0.865 1.0 0.1 0.0
0.0 0.86625 1.0 0.1 0.0
0.0 0.8674999999999999 1.0 0.1 0.0
0.0 0.8687500000000001 1.0 0.1 0.0
0.0 0.8700000000000001 1.0 0.1 0.0
0.0 0.8712500000000001 1.0 0.1 0.0
0.0 0.8725 1.0 0.1 0.0
0.0 0.87375 1.0 0.1 0.0
0.0 0.875 1.0 0.1 0.0
0.0 0.87625 1.0 0.1 0.0
0.0 0.8775 1.0 0.1 0.0
0.0 0.8787500000000001 1.0 0.1 0.0
0.0 0.8800000000000001 1.0 0.1 0.0
0.0 0.8812500000000001 1.0 0.1 0.0
0.0 0.8825000000000001 1.0 0.1 0.0
0.0 0.88375 1.0 0.1 0.0
0.0 0.885 1.0 0.1 0.0
0.0 0.88625 1.0 0.1 0.0
0.0 0.8875 1.0 0.1 0.0
0.0 0.8887499999999999 1.0 0.1 0.0
0.0 0.8900000000000001 1.0 0.1 0.0
0.0 0.8912500000000001 1.0 0.1 0.0
0.0 0.8925000000000001 1.0 0.1 0.0
0.0 0.89375 1.0 0.1 0.0
0.0 0.895 1.0 0.1 0.0
0.0 0.89625 1.0 0.1 0.0
0.0 0.8975 1.0 0.1 0.0
0.0 0.8987499999999999 1.0 0.1 0.0
0.0 0.9000000000000001 1.0 0.1 0.0
0.0 0.9012500000000001 1.0 0.1 0.0
0.0 0.9025000000000001 1.0 0.1 0.0
0.0 0.90375 1.0 0.1 0.0
0.0 0.905 1.0 0.1 0.0
0.0 0.90625 1.0 0.1 0.0
0.0 0.9075 1.0 0.1 0.0
0.0 0.90875 1.0 0.1 0.0
0.0 0.9100000000000001 1.0 0.1 0.0
0.0 0.9112500000000001 1.0 0.1 0.0
0.0 0.9125000000000001 1.0 0.1 0.0
0.0 0.9137500000000001 1.0 0.1 0.0
0.0 0.915 1.0 0.1 0.0
0.0 0.91625 1.0 0.1 0.0
0.0 0.9175 1.0 0.1 0.0
0.0 0.91875 1.0 0.1 0.0
0.0 0.9199999999999999 1.0 0.1 0.0
0.0 0.9212500000000001 1.0 0.1 0.0
0.0 0.9225000000000001 1.0 0.1 0.0
0.0 0.9237500000000001 1.0 0.1 0.0
0.0 0.925 1.0 0.1 0.0
0.0 0.92625 1.0 0.1 0.0
0.0 0.9275 1.0 0.1 0.0
0.0 0.92875 1.0 0.1 0.0
0.0 0.9299999999999999 1.0 0.1 0.0
0.0 0.9312500000000001 1.0 0.1 0.0
0.0 0.9325000000000001 1.0 0.1 0.0
0.0 0.9337500000000001 1.0 0.1 0.0
0.0 0.935 1.0 0.1 0.0
0.0 0.93625 1.0 0.1 0.0
0.0 0.9375 1.0 0.1 0.0
0.0 0.93875 1.0 0.1 0.0
0.0 0.94 1.0 0.1 0.0
0.0 0.9412500000000001 1.0 0.1 0.0
0.0 0.9425000000000001 1.0 0.1 0.0
0.0 0.9437500000000001 1.0 0.1 0.0
0.0 0.9450000000000001 1.0 0.1 0.0
0.0 0.94625 1.0 0.1 0.0
0.0 0.9475 1.0 0.1 0.0
0.0 0.94875 1.0 0.1 0.0
0.0 0.95 1.0 0.1 0.0
0.0 0.9512500000000002 1.0 0.1 0.0
0.0 0.9525000000000001 1.0 0.1 0.0
0.0 0.9537500000000001 1.0 0.1 0.0
0.0 0.9550000000000001 1.0 0.1 0.0
0.0 0.95625 1.0 0.1 0.0
0.0 0.9575 1.0 0.1 0.0
0.0 0.95875 1.0 0.1 0.0
0.0 0.96 1.0 0.1 0.0
0.0 0.9612499999999999 1.0 0.1 0.0
0.0 0.9625000000000001 1.0 0.1 0.0
0.0 0.9637500000000001 1.0 0.1 0.0
0.0 0.9650000000000001 1.0 0.1 0.0
0.0 0.96625 1.0 0.1 0.0
0.0 0.9675 1.0 0.1 0.0
0.0 0.96875 1.0 0.1 0.0
0.0 0.97 1.0 0.1 0.0
0.0 0.97125 1.0 0.1 0.0
0.0 0.9725000000000001 1.0 0.1 0.0
0.0 0.9737500000000001 1.0 0.1 0.0
0.0 0.9750000000000001 1.0 0.1 0.0
0.0 0.9762500000000001 1.0 0.1 0.0
0.0 0.9775 1.0 0.1 0.0
0.0 0.97875 1.0 0.1 0.0
0.0 0.98 1.0 0.1 0.0
0.0 0.98125 1.0 0.1 0.0
0.0 0.9825000000000002 1.0 0.1 0.0
0.0 0.9837500000000001 1.0 0.1 0.0
0.0 0.9850000000000001 1.0 0.1 0.0
0.0 0.9862500000000001 1.0 0.1 0.0
0.0 0.9875 1.0 0.1 0.0
0.0 0.98875 1.0 0.1 0.0
0.0 0.99 1.0 0.1 0.0
0.0 0.99125 1.0 0.1 0.0
0.0 0.9924999999999999 1.0 0.1 0.0
0.0 0.9937500000000001 1.0 0.1 0.0
0.0 0.9950000000000001 1.0 0.1 0.0
0.0 0.9962500000000001 1.0 0.1 0.0
0.0 0.9975 1.0 0.1 0.0
0.0 0.99875 1.0 0.1 0.0
0.0 1.0 1.0 0.1 0.0
