-1.0 2.2083793448639054e-87
-0.99 1.1818591298637165e-85
-0.98 6.076954339184996e-84
-0.97 3.002164274582107e-82
-0.96 1.4249878216005688e-80
-0.95 6.498544147094803e-79
-0.94 2.8474048156957614e-77
-0.9299999999999999 1.1987001992692266e-75
-0.92 4.848419179631528e-74
-0.91 1.8841608012360468e-72
-0.9 7.034998170380416e-71
-0.89 2.523702942241496e-69
-0.88 8.698426537197093e-68
-0.87 2.8805232610876465e-66
-0.86 9.164954094797777e-65
-0.85 2.801672853727433e-63
-0.84 8.228729212114917e-62
-0.83 2.3220755226116223e-60
-0.8200000000000001 6.29575951910658e-59
-0.81 1.6400162143332877e-57
-0.8 4.104652291167614e-56
-0.79 9.870356206262377e-55
-0.78 2.280433956376515e-53
-0.77 5.062096186419007e-52
-0.76 1.0796214577553155e-50
-0.75 2.2122838199377666e-49
-0.74 4.35550382131101e-48
-0.73 8.238804089635723e-47
-0.72 1.4973322319540463e-45
-0.71 2.614570710127463e-44
-0.7 4.386426237556011e-43
-0.69 7.070489641014206e-42
-0.6799999999999999 1.0950056769421389e-40
-0.6699999999999999 1.6293390710111613e-39
-0.6599999999999999 2.3293502398946938e-38
-0.6499999999999999 3.1995311028028153e-37
-0.64 4.222465400981216e-36
-0.63 5.353947197017152e-35
-0.62 6.522442939358767e-34
-0.61 7.634396538547265e-33
-0.6 8.585534942652364e-32
-0.59 9.276587109024601e-31
-0.5800000000000001 9.630244527357066e-30
-0.5700000000000001 9.605381600034143e-29
-0.56 9.204922835392425e-28
-0.55 8.475277014037415e-27
-0.54 7.497489609367185e-26
-0.53 6.372444530803867e-25
-0.52 5.203846479695652e-24
-0.51 4.0829222377224404e-23
-0.5 3.077839450682568e-22
-0.49 2.229200009088324e-21
-0.48 1.5512447726987843e-20
-0.47 1.0371458804401705e-19
-0.45999999999999996 6.662352129519716e-19
-0.44999999999999996 4.111909428667625e-18
-0.43999999999999995 2.4383032518250023e-17
-0.42999999999999994 1.389185099426503e-16
-0.42000000000000004 7.604326151631855e-16
-0.41000000000000003 3.999351499398872e-15
-0.4 2.020908433414757e-14
-0.39 9.811421142785728e-14
-0.38 4.576625960720548e-13
-0.37 2.0511014547186797e-12
-0.36 8.83195985254862e-12
-0.35 3.653888163345864e-11
-0.33999999999999997 1.4523846007167256e-10
-0.32999999999999996 5.546719976661308e-10
-0.31999999999999995 2.0352561126580445e-09
-0.30999999999999994 7.1751356318563946e-09
-0.29999999999999993 2.4303531399293406e-08
-0.29000000000000004 7.909278562497841e-08
-0.28 2.4730482000663297e-07
-0.27 7.429447378221159e-07
-0.26 2.144414137879046e-06
-0.25 5.9468780589371916e-06
-0.24 1.58451963641283e-05
-0.22999999999999998 4.056340826194704e-05
-0.21999999999999997 9.97698851602145e-05
-0.20999999999999996 0.00023577227102616023
-0.19999999999999996 0.0005353209030595434
-0.18999999999999995 0.0011677877031658454
-0.17999999999999994 0.002447607720455101
-0.16999999999999993 0.004928876673892101
-0.16000000000000003 0.009536352805859353
-0.15000000000000002 0.017727393647752
-0.14 0.03166180633191983
-0.13 0.05433187693474245
-0.12 0.0895781211793716
-0.10999999999999999 0.14189837138492584
-0.09999999999999998 0.21596386605275242
-0.08999999999999997 0.31580063320357704
-0.07999999999999996 0.44368333871782284
-0.06999999999999995 0.5989098625429803
-0.05999999999999994 0.7767442199328529
-0.04999999999999993 0.9678828980765748
-0.040000000000000036 1.1587662110459305
-0.030000000000000027 1.3328984115671982
-0.020000000000000018 1.4730805612132931
-0.010000000000000009 1.5641707759018235
0.0 1.5957691216057308
0.010000000000000009 1.5641707759018235
0.020000000000000018 1.4730805612132931
0.030000000000000027 1.3328984115671982
0.040000000000000036 1.1587662110459305
0.050000000000000044 0.9678828980765726
0.06000000000000005 0.7767442199328508
0.07000000000000006 0.5989098625429785
0.08000000000000007 0.44368333871782123
0.09000000000000008 0.31580063320357576
0.10000000000000009 0.21596386605275142
0.1100000000000001 0.14189837138492511
0.1200000000000001 0.08957812117937113
0.13000000000000012 0.054331876934742146
0.14000000000000012 0.03166180633191963
0.15000000000000013 0.017727393647751888
0.15999999999999992 0.00953635280585942
0.16999999999999993 0.004928876673892101
0.17999999999999994 0.002447607720455101
0.18999999999999995 0.0011677877031658454
0.19999999999999996 0.0005353209030595434
0.20999999999999996 0.00023577227102616023
0.21999999999999997 9.97698851602145e-05
0.22999999999999998 4.056340826194704e-05
0.24 1.58451963641283e-05
0.25 5.9468780589371916e-06
0.26 2.144414137879046e-06
0.27 7.429447378221159e-07
0.28 2.4730482000663297e-07
0.29000000000000004 7.909278562497841e-08
0.30000000000000004 2.430353139929297e-08
0.31000000000000005 7.175135631856293e-09
0.32000000000000006 2.0352561126580085e-09
0.33000000000000007 5.54671997666121e-10
0.3400000000000001 1.4523846007166998e-10
0.3500000000000001 3.653888163345786e-11
0.3600000000000001 8.831959852548463e-12
0.3700000000000001 2.0511014547186365e-12
0.3800000000000001 4.576625960720467e-13
0.3900000000000001 9.811421142785522e-14
0.40000000000000013 2.0209084334147284e-14
0.4099999999999999 3.999351499398958e-15
0.41999999999999993 7.604326151631963e-16
0.42999999999999994 1.389185099426503e-16
0.43999999999999995 2.4383032518250023e-17
0.44999999999999996 4.111909428667625e-18
0.45999999999999996 6.662352129519716e-19
0.47 1.0371458804401705e-19
0.48 1.5512447726987843e-20
0.49 2.229200009088324e-21
0.5 3.077839450682568e-22
0.51 4.0829222377224404e-23
0.52 5.203846479695652e-24
0.53 6.372444530803867e-25
0.54 7.497489609367185e-26
0.55 8.475277014037415e-27
0.56 9.204922835392425e-28
0.5700000000000001 9.605381600034143e-29
0.5800000000000001 9.630244527357066e-30
0.5900000000000001 9.27658710902447e-31
0.6000000000000001 8.585534942651997e-32
0.6100000000000001 7.634396538547049e-33
0.6200000000000001 6.522442939358487e-34
0.6300000000000001 5.353947197016999e-35
0.6400000000000001 4.2224654009810356e-36
0.6500000000000001 3.1995311028026336e-37
0.6600000000000001 2.329350239894528e-38
0.6699999999999999 1.6293390710111613e-39
0.6799999999999999 1.0950056769421389e-40
0.69 7.070489641014206e-42
0.7 4.386426237556011e-43
0.71 2.614570710127463e-44
0.72 1.4973322319540463e-45
0.73 8.238804089635723e-47
0.74 4.35550382131101e-48
0.75 2.2122838199377666e-49
0.76 1.0796214577553155e-50
0.77 5.062096186419007e-52
0.78 2.280433956376515e-53
0.79 9.870356206262377e-55
0.8 4.104652291167614e-56
0.81 1.6400162143332877e-57
0.8200000000000001 6.29575951910658e-59
0.8300000000000001 2.32207552261149e-60
0.8400000000000001 8.22872921211445e-62
0.8500000000000001 2.801672853727433e-63
0.8600000000000001 9.164954094797777e-65
0.8700000000000001 2.8805232610874825e-66
0.8800000000000001 8.698426537196599e-68
0.8900000000000001 2.523702942241496e-69
0.9000000000000001 7.034998170380416e-71
0.9100000000000001 1.884160801235886e-72
0.9199999999999999 4.848419179631528e-74
0.9299999999999999 1.1987001992692266e-75
0.94 2.8474048156957614e-77
0.95 6.498544147094803e-79
0.96 1.4249878216005688e-80
0.97 3.002164274582107e-82
0.98 6.076954339184996e-84
0.99 1.1818591298637165e-85
1.0 2.2083793448639054e-87
