0 -1 -1
0 -1 -0.9
0 -1 -0.8
0 -1 -0.7
0 -1 -0.6
0 -1 -0.5
0 -1 -0.4
0 -1 -0.3
0 -1 -0.2
0 -1 -0.1
0 -1 0
0 -1 0.1
0 -1 0.2
0 -1 0.3
0 -1 0.4
0 -1 0.5
0 -1 0.6
0 -1 0.7
0 -1 0.8
0 -1 0.9
0 -1 1
0 -0.9 -1
0 -0.9 -0.9
0 -0.9 -0.8
0 -0.9 -0.7
0 -0.9 -0.6
0 -0.9 -0.5
0 -0.9 -0.4
0 -0.9 -0.3
0 -0.9 -0.2
0 -0.9 -0.1
0 -0.9 0
0 -0.9 0.1
0 -0.9 0.2
0 -0.9 0.3
0 -0.9 0.4
0 -0.9 0.5
0 -0.9 0.6
0 -0.9 0.7
0 -0.9 0.8
0 -0.9 0.9
0 -0.9 1
0 -0.8 -1
0 -0.8 -0.9
0 -0.8 -0.8
0 -0.8 -0.7
0 -0.8 -0.6
0 -0.8 -0.5
0 -0.8 -0.4
0 -0.8 -0.3
0 -0.8 -0.2
0 -0.8 -0.1
0 -0.8 0
0 -0.8 0.1
0 -0.8 0.2
0 -0.8 0.3
0 -0.8 0.4
0 -0.8 0.5
0 -0.8 0.6
0 -0.8 0.7
0 -0.8 0.8
0 -0.8 0.9
0 -0.8 1
0 -0.7 -1
0 -0.7 -0.9
0 -0.7 -0.8
0 -0.7 -0.7
0 -0.7 -0.6
0 -0.7 -0.5
0 -0.7 -0.4
0 -0.7 -0.3
0 -0.7 -0.2
0 -0.7 -0.1
0 -0.7 0
0 -0.7 0.1
0 -0.7 0.2
0 -0.7 0.3
0 -0.7 0.4
0 -0.7 0.5
0 -0.7 0.6
0 -0.7 0.7
0 -0.7 0.8
0 -0.7 0.9
0 -0.7 1
0 -0.6 -1
0 -0.6 -0.9
0 -0.6 -0.8
0 -0.6 -0.7
0 -0.6 -0.6
0 -0.6 -0.5
0 -0.6 -0.4
0 -0.6 -0.3
0 -0.6 -0.2
0 -0.6 -0.1
0 -0.6 0
0 -0.6 0.1
0 -0.6 0.2
0 -0.6 0.3
0 -0.6 0.4
0 -0.6 0.5
0 -0.6 0.6
0 -0.6 0.7
0 -0.6 0.8
0 -0.6 0.9
0 -0.6 1
0 -0.5 -1
0 -0.5 -0.9
0 -0.5 -0.8
0 -0.5 -0.7
0 -0.5 -0.6
0 -0.5 -0.5
0 -0.5 -0.4
0 -0.5 -0.3
0 -0.5 -0.2
0 -0.5 -0.1
0 -0.5 0
0 -0.5 0.1
0 -0.5 0.2
0 -0.5 0.3
0 -0.5 0.4
0 -0.5 0.5
0 -0.5 0.6
0 -0.5 0.7
0 -0.5 0.8
0 -0.5 0.9
0 -0.5 1
0 -0.4 -1
0 -0.4 -0.9
0 -0.4 -0.8
0 -0.4 -0.7
0 -0.4 -0.6
0 -0.4 -0.5
0 -0.4 -0.4
0 -0.4 -0.3
0 -0.4 -0.2
0 -0.4 -0.1
0 -0.4 0
0 -0.4 0.1
0 -0.4 0.2
0 -0.4 0.3
0 -0.4 0.4
0 -0.4 0.5
0 -0.4 0.6
0 -0.4 0.7
0 -0.4 0.8
0 -0.4 0.9
0 -0.4 1
0 -0.3 -1
0 -0.3 -0.9
0 -0.3 -0.8
0 -0.3 -0.7
0 -0.3 -0.6
0 -0.3 -0.5
0 -0.3 -0.4
0 -0.3 -0.3
0 -0.3 -0.2
0 -0.3 -0.1
0 -0.3 0
0 -0.3 0.1
0 -0.3 0.2
0 -0.3 0.3
0 -0.3 0.4
0 -0.3 0.5
0 -0.3 0.6
0 -0.3 0.7
0 -0.3 0.8
0 -0.3 0.9
0 -0.3 1
0 -0.2 -1
0 -0.2 -0.9
0 -0.2 -0.8
0 -0.2 -0.7
0 -0.2 -0.6
0 -0.2 -0.5
0 -0.2 -0.4
0 -0.2 -0.3
0 -0.2 -0.2
0 -0.2 -0.1
0 -0.2 0
0 -0.2 0.1
0 -0.2 0.2
0 -0.2 0.3
0 -0.2 0.4
0 -0.2 0.5
0 -0.2 0.6
0 -0.2 0.7
0 -0.2 0.8
0 -0.2 0.9
0 -0.2 1
0 -0.1 -1
0 -0.1 -0.9
0 -0.1 -0.8
0 -0.1 -0.7
0 -0.1 -0.6
0 -0.1 -0.5
0 -0.1 -0.4
0 -0.1 -0.3
0 -0.1 -0.2
0 -0.1 -0.1
0 -0.1 0
0 -0.1 0.1
0 -0.1 0.2
0 -0.1 0.3
0 -0.1 0.4
0 -0.1 0.5
0 -0.1 0.6
0 -0.1 0.7
0 -0.1 0.8
0 -0.1 0.9
0 -0.1 1
0 0 -1
0 0 -0.9
0 0 -0.8
0 0 -0.7
0 0 -0.6
0 0 -0.5
0 0 -0.4
0 0 -0.3
0 0 -0.2
0 0 -0.1
0 0 0
0 0 0.1
0 0 0.2
0 0 0.3
0 0 0.4
0 0 0.5
0 0 0.6
0 0 0.7
0 0 0.8
0 0 0.9
0 0 1
0 0.1 -1
0 0.1 -0.9
0 0.1 -0.8
0 0.1 -0.7
0 0.1 -0.6
0 0.1 -0.5
0 0.1 -0.4
0 0.1 -0.3
0 0.1 -0.2
0 0.1 -0.1
0 0.1 0
0 0.1 0.1
0 0.1 0.2
0 0.1 0.3
0 0.1 0.4
0 0.1 0.5
0 0.1 0.6
0 0.1 0.7
0 0.1 0.8
0 0.1 0.9
0 0.1 1
0 0.2 -1
0 0.2 -0.9
0 0.2 -0.8
0 0.2 -0.7
0 0.2 -0.6
0 0.2 -0.5
0 0.2 -0.4
0 0.2 -0.3
0 0.2 -0.2
0 0.2 -0.1
0 0.2 0
0 0.2 0.1
0 0.2 0.2
0 0.2 0.3
0 0.2 0.4
0 0.2 0.5
0 0.2 0.6
0 0.2 0.7
0 0.2 0.8
0 0.2 0.9
0 0.2 1
0 0.3 -1
0 0.3 -0.9
0 0.3 -0.8
0 0.3 -0.7
0 0.3 -0.6
0 0.3 -0.5
0 0.3 -0.4
0 0.3 -0.3
0 0.3 -0.2
0 0.3 -0.1
0 0.3 0
0 0.3 0.1
0 0.3 0.2
0 0.3 0.3
0 0.3 0.4
0 0.3 0.5
0 0.3 0.6
0 0.3 0.7
0 0.3 0.8
0 0.3 0.9
0 0.3 1
0 0.4 -1
0 0.4 -0.9
0 0.4 -0.8
0 0.4 -0.7
0 0.4 -0.6
0 0.4 -0.5
0 0.4 -0.4
0 0.4 -0.3
0 0.4 -0.2
0 0.4 -0.1
0 0.4 0
0 0.4 0.1
0 0.4 0.2
0 0.4 0.3
0 0.4 0.4
0 0.4 0.5
0 0.4 0.6
0 0.4 0.7
0 0.4 0.8
0 0.4 0.9
0 0.4 1
0 0.5 -1
0 0.5 -0.9
0 0.5 -0.8
0 0.5 -0.7
0 0.5 -0.6
0 0.5 -0.5
0 0.5 -0.4
0 0.5 -0.3
0 0.5 -0.2
0 0.5 -0.1
0 0.5 0
0 0.5 0.1
0 0.5 0.2
0 0.5 0.3
0 0.5 0.4
0 0.5 0.5
0 0.5 0.6
0 0.5 0.7
0 0.5 0.8
0 0.5 0.9
0 0.5 1
0 0.6 -1
0 0.6 -0.9
0 0.6 -0.8
0 0.6 -0.7
0 0.6 -0.6
0 0.6 -0.5
0 0.6 -0.4
0 0.6 -0.3
0 0.6 -0.2
0 0.6 -0.1
0 0.6 0
0 0.6 0.1
0 0.6 0.2
0 0.6 0.3
0 0.6 0.4
0 0.6 0.5
0 0.6 0.6
0 0.6 0.7
0 0.6 0.8
0 0.6 0.9
0 0.6 1
0 0.7 -1
0 0.7 -0.9
0 0.7 -0.8
0 0.7 -0.7
0 0.7 -0.6
0 0.7 -0.5
0 0.7 -0.4
0 0.7 -0.3
0 0.7 -0.2
0 0.7 -0.1
0 0.7 0
0 0.7 0.1
0 0.7 0.2
0 0.7 0.3
0 0.7 0.4
0 0.7 0.5
0 0.7 0.6
0 0.7 0.7
0 0.7 0.8
0 0.7 0.9
0 0.7 1
0 0.8 -1
0 0.8 -0.9
0 0.8 -0.8
0 0.8 -0.7
0 0.8 -0.6
0 0.8 -0.5
0 0.8 -0.4
0 0.8 -0.3
0 0.8 -0.2
0 0.8 -0.1
0 0.8 0
0 0.8 0.1
0 0.8 0.2
0 0.8 0.3
0 0.8 0.4
0 0.8 0.5
0 0.8 0.6
0 0.8 0.7
0 0.8 0.8
0 0.8 0.9
0 0.8 1
0 0.9 -1
0 0.9 -0.9
0 0.9 -0.8
0 0.9 -0.7
0 0.9 -0.6
0 0.9 -0.5
0 0.9 -0.4
0 0.9 -0.3
0 0.9 -0.2
0 0.9 -0.1
0 0.9 0
0 0.9 0.1
0 0.9 0.2
0 0.9 0.3
0 0.9 0.4
0 0.9 0.5
0 0.9 0.6
0 0.9 0.7
0 0.9 0.8
0 0.9 0.9
0 0.9 1
0 1 -1
0 1 -0.9
0 1 -0.8
0 1 -0.7
0 1 -0.6
0 1 -0.5
0 1 -0.4
0 1 -0.3
0 1 -0.2
0 1 -0.1
0 1 0
0 1 0.1
0 1 0.2
0 1 0.3
0 1 0.4
0 1 0.5
0 1 0.6
0 1 0.7
0 1 0.8
0 1 0.9
0 1 1
0.01 -1 -1
0.01 -1 -0.9
0.01 -1 -0.8
0.01 -1 -0.7
0.01 -1 -0.6
0.01 -1 -0.5
0.01 -1 -0.4
0.01 -1 -0.3
0.01 -1 -0.2
0.01 -1 -0.1
0.01 -1 0
0.01 -1 0.1
0.01 -1 0.2
0.01 -1 0.3
0.01 -1 0.4
0.01 -1 0.5
0.01 -1 0.6
0.01 -1 0.7
0.01 -1 0.8
0.01 -1 0.9
0.01 -1 1
0.01 -0.9 -1
0.01 -0.9 -0.9
0.01 -0.9 -0.8
0.01 -0.9 -0.7
0.01 -0.9 -0.6
0.01 -0.9 -0.5
0.01 -0.9 -0.4
0.01 -0.9 -0.3
0.01 -0.9 -0.2
0.01 -0.9 -0.1
0.01 -0.9 0
0.01 -0.9 0.1
0.01 -0.9 0.2
0.01 -0.9 0.3
0.01 -0.9 0.4
0.01 -0.9 0.5
0.01 -0.9 0.6
0.01 -0.9 0.7
0.01 -0.9 0.8
0.01 -0.9 0.9
0.01 -0.9 1
0.01 -0.8 -1
0.01 -0.8 -0.9
0.01 -0.8 -0.8
0.01 -0.8 -0.7
0.01 -0.8 -0.6
0.01 -0.8 -0.5
0.01 -0.8 -0.4
0.01 -0.8 -0.3
0.01 -0.8 -0.2
0.01 -0.8 -0.1
0.01 -0.8 0
0.01 -0.8 0.1
0.01 -0.8 0.2
0.01 -0.8 0.3
0.01 -0.8 0.4
0.01 -0.8 0.5
0.01 -0.8 0.6
0.01 -0.8 0.7
0.01 -0.8 0.8
0.01 -0.8 0.9
0.01 -0.8 1
0.01 -0.7 -1
0.01 -0.7 -0.9
0.01 -0.7 -0.8
0.01 -0.7 -0.7
0.01 -0.7 -0.6
0.01 -0.7 -0.5
0.01 -0.7 -0.4
0.01 -0.7 -0.3
0.01 -0.7 -0.2
0.01 -0.7 -0.1
0.01 -0.7 0
0.01 -0.7 0.1
0.01 -0.7 0.2
0.01 -0.7 0.3
0.01 -0.7 0.4
0.01 -0.7 0.5
0.01 -0.7 0.6
0.01 -0.7 0.7
0.01 -0.7 0.8
0.01 -0.7 0.9
0.01 -0.7 1
0.01 -0.6 -1
0.01 -0.6 -0.9
0.01 -0.6 -0.8
0.01 -0.6 -0.7
0.01 -0.6 -0.6
0.01 -0.6 -0.5
0.01 -0.6 -0.4
0.01 -0.6 -0.3
0.01 -0.6 -0.2
0.01 -0.6 -0.1
0.01 -0.6 0
0.01 -0.6 0.1
0.01 -0.6 0.2
0.01 -0.6 0.3
0.01 -0.6 0.4
0.01 -0.6 0.5
0.01 -0.6 0.6
0.01 -0.6 0.7
0.01 -0.6 0.8
0.01 -0.6 0.9
0.01 -0.6 1
0.01 -0.5 -1
0.01 -0.5 -0.9
0.01 -0.5 -0.8
0.01 -0.5 -0.7
0.01 -0.5 -0.6
0.01 -0.5 -0.5
0.01 -0.5 -0.4
0.01 -0.5 -0.3
0.01 -0.5 -0.2
0.01 -0.5 -0.1
0.01 -0.5 0
0.01 -0.5 0.1
0.01 -0.5 0.2
0.01 -0.5 0.3
0.01 -0.5 0.4
0.01 -0.5 0.5
0.01 -0.5 0.6
0.01 -0.5 0.7
0.01 -0.5 0.8
0.01 -0.5 0.9
0.01 -0.5 1
0.01 -0.4 -1
0.01 -0.4 -0.9
0.01 -0.4 -0.8
0.01 -0.4 -0.7
0.01 -0.4 -0.6
0.01 -0.4 -0.5
0.01 -0.4 -0.4
0.01 -0.4 -0.3
0.01 -0.4 -0.2
0.01 -0.4 -0.1
0.01 -0.4 0
0.01 -0.4 0.1
0.01 -0.4 0.2
0.01 -0.4 0.3
0.01 -0.4 0.4
0.01 -0.4 0.5
0.01 -0.4 0.6
0.01 -0.4 0.7
0.01 -0.4 0.8
0.01 -0.4 0.9
0.01 -0.4 1
0.01 -0.3 -1
0.01 -0.3 -0.9
0.01 -0.3 -0.8
0.01 -0.3 -0.7
0.01 -0.3 -0.6
0.01 -0.3 -0.5
0.01 -0.3 -0.4
0.01 -0.3 -0.3
0.01 -0.3 -0.2
0.01 -0.3 -0.1
0.01 -0.3 0
0.01 -0.3 0.1
0.01 -0.3 0.2
0.01 -0.3 0.3
0.01 -0.3 0.4
0.01 -0.3 0.5
0.01 -0.3 0.6
0.01 -0.3 0.7
0.01 -0.3 0.8
0.01 -0.3 0.9
0.01 -0.3 1
0.01 -0.2 -1
0.01 -0.2 -0.9
0.01 -0.2 -0.8
0.01 -0.2 -0.7
0.01 -0.2 -0.6
0.01 -0.2 -0.5
0.01 -0.2 -0.4
0.01 -0.2 -0.3
0.01 -0.2 -0.2
0.01 -0.2 -0.1
0.01 -0.2 0
0.01 -0.2 0.1
0.01 -0.2 0.2
0.01 -0.2 0.3
0.01 -0.2 0.4
0.01 -0.2 0.5
0.01 -0.2 0.6
0.01 -0.2 0.7
0.01 -0.2 0.8
0.01 -0.2 0.9
0.01 -0.2 1
0.01 -0.1 -1
0.01 -0.1 -0.9
0.01 -0.1 -0.8
0.01 -0.1 -0.7
0.01 -0.1 -0.6
0.01 -0.1 -0.5
0.01 -0.1 -0.4
0.01 -0.1 -0.3
0.01 -0.1 -0.2
0.01 -0.1 -0.1
0.01 -0.1 0
0.01 -0.1 0.1
0.01 -0.1 0.2
0.01 -0.1 0.3
0.01 -0.1 0.4
0.01 -0.1 0.5
0.01 -0.1 0.6
0.01 -0.1 0.7
0.01 -0.1 0.8
0.01 -0.1 0.9
0.01 -0.1 1
0.01 0 -1
0.01 0 -0.9
0.01 0 -0.8
0.01 0 -0.7
0.01 0 -0.6
0.01 0 -0.5
0.01 0 -0.4
0.01 0 -0.3
0.01 0 -0.2
0.01 0 -0.1
0.01 0 0
0.01 0 0.1
0.01 0 0.2
0.01 0 0.3
0.01 0 0.4
0.01 0 0.5
0.01 0 0.6
0.01 0 0.7
0.01 0 0.8
0.01 0 0.9
0.01 0 1
0.01 0.1 -1
0.01 0.1 -0.9
0.01 0.1 -0.8
0.01 0.1 -0.7
0.01 0.1 -0.6
0.01 0.1 -0.5
0.01 0.1 -0.4
0.01 0.1 -0.3
0.01 0.1 -0.2
0.01 0.1 -0.1
0.01 0.1 0
0.01 0.1 0.1
0.01 0.1 0.2
0.01 0.1 0.3
0.01 0.1 0.4
0.01 0.1 0.5
0.01 0.1 0.6
0.01 0.1 0.7
0.01 0.1 0.8
0.01 0.1 0.9
0.01 0.1 1
0.01 0.2 -1
0.01 0.2 -0.9
0.01 0.2 -0.8
0.01 0.2 -0.7
0.01 0.2 -0.6
0.01 0.2 -0.5
0.01 0.2 -0.4
0.01 0.2 -0.3
0.01 0.2 -0.2
0.01 0.2 -0.1
0.01 0.2 0
0.01 0.2 0.1
0.01 0.2 0.2
0.01 0.2 0.3
0.01 0.2 0.4
0.01 0.2 0.5
0.01 0.2 0.6
0.01 0.2 0.7
0.01 0.2 0.8
0.01 0.2 0.9
0.01 0.2 1
0.01 0.3 -1
0.01 0.3 -0.9
0.01 0.3 -0.8
0.01 0.3 -0.7
0.01 0.3 -0.6
0.01 0.3 -0.5
0.01 0.3 -0.4
0.01 0.3 -0.3
0.01 0.3 -0.2
0.01 0.3 -0.1
0.01 0.3 0
0.01 0.3 0.1
0.01 0.3 0.2
0.01 0.3 0.3
0.01 0.3 0.4
0.01 0.3 0.5
0.01 0.3 0.6
0.01 0.3 0.7
0.01 0.3 0.8
0.01 0.3 0.9
0.01 0.3 1
0.01 0.4 -1
0.01 0.4 -0.9
0.01 0.4 -0.8
0.01 0.4 -0.7
0.01 0.4 -0.6
0.01 0.4 -0.5
0.01 0.4 -0.4
0.01 0.4 -0.3
0.01 0.4 -0.2
0.01 0.4 -0.1
0.01 0.4 0
0.01 0.4 0.1
0.01 0.4 0.2
0.01 0.4 0.3
0.01 0.4 0.4
0.01 0.4 0.5
0.01 0.4 0.6
0.01 0.4 0.7
0.01 0.4 0.8
0.01 0.4 0.9
0.01 0.4 1
0.01 0.5 -1
0.01 0.5 -0.9
0.01 0.5 -0.8
0.01 0.5 -0.7
0.01 0.5 -0.6
0.01 0.5 -0.5
0.01 0.5 -0.4
0.01 0.5 -0.3
0.01 0.5 -0.2
0.01 0.5 -0.1
0.01 0.5 0
0.01 0.5 0.1
0.01 0.5 0.2
0.01 0.5 0.3
0.01 0.5 0.4
0.01 0.5 0.5
0.01 0.5 0.6
0.01 0.5 0.7
0.01 0.5 0.8
0.01 0.5 0.9
0.01 0.5 1
0.01 0.6 -1
0.01 0.6 -0.9
0.01 0.6 -0.8
0.01 0.6 -0.7
0.01 0.6 -0.6
0.01 0.6 -0.5
0.01 0.6 -0.4
0.01 0.6 -0.3
0.01 0.6 -0.2
0.01 0.6 -0.1
0.01 0.6 0
0.01 0.6 0.1
0.01 0.6 0.2
0.01 0.6 0.3
0.01 0.6 0.4
0.01 0.6 0.5
0.01 0.6 0.6
0.01 0.6 0.7
0.01 0.6 0.8
0.01 0.6 0.9
0.01 0.6 1
0.01 0.7 -1
0.01 0.7 -0.9
0.01 0.7 -0.8
0.01 0.7 -0.7
0.01 0.7 -0.6
0.01 0.7 -0.5
0.01 0.7 -0.4
0.01 0.7 -0.3
0.01 0.7 -0.2
0.01 0.7 -0.1
0.01 0.7 0
0.01 0.7 0.1
0.01 0.7 0.2
0.01 0.7 0.3
0.01 0.7 0.4
0.01 0.7 0.5
0.01 0.7 0.6
0.01 0.7 0.7
0.01 0.7 0.8
0.01 0.7 0.9
0.01 0.7 1
0.01 0.8 -1
0.01 0.8 -0.9
0.01 0.8 -0.8
0.01 0.8 -0.7
0.01 0.8 -0.6
0.01 0.8 -0.5
0.01 0.8 -0.4
0.01 0.8 -0.3
0.01 0.8 -0.2
0.01 0.8 -0.1
0.01 0.8 0
0.01 0.8 0.1
0.01 0.8 0.2
0.01 0.8 0.3
0.01 0.8 0.4
0.01 0.8 0.5
0.01 0.8 0.6
0.01 0.8 0.7
0.01 0.8 0.8
0.01 0.8 0.9
0.01 0.8 1
0.01 0.9 -1
0.01 0.9 -0.9
0.01 0.9 -0.8
0.01 0.9 -0.7
0.01 0.9 -0.6
0.01 0.9 -0.5
0.01 0.9 -0.4
0.01 0.9 -0.3
0.01 0.9 -0.2
0.01 0.9 -0.1
0.01 0.9 0
0.01 0.9 0.1
0.01 0.9 0.2
0.01 0.9 0.3
0.01 0.9 0.4
0.01 0.9 0.5
0.01 0.9 0.6
0.01 0.9 0.7
0.01 0.9 0.8
0.01 0.9 0.9
0.01 0.9 1
0.01 1 -1
0.01 1 -0.9
0.01 1 -0.8
0.01 1 -0.7
0.01 1 -0.6
0.01 1 -0.5
0.01 1 -0.4
0.01 1 -0.3
0.01 1 -0.2
0.01 1 -0.1
0.01 1 0
0.01 1 0.1
0.01 1 0.2
0.01 1 0.3
0.01 1 0.4
0.01 1 0.5
0.01 1 0.6
0.01 1 0.7
0.01 1 0.8
0.01 1 0.9
0.01 1 1
0.02 -1 -1
0.02 -1 -0.9
0.02 -1 -0.8
0.02 -1 -0.7
0.02 -1 -0.6
0.02 -1 -0.5
0.02 -1 -0.4
0.02 -1 -0.3
0.02 -1 -0.2
0.02 -1 -0.1
0.02 -1 0
0.02 -1 0.1
0.02 -1 0.2
0.02 -1 0.3
0.02 -1 0.4
0.02 -1 0.5
0.02 -1 0.6
0.02 -1 0.7
0.02 -1 0.8
0.02 -1 0.9
0.02 -1 1
0.02 -0.9 -1
0.02 -0.9 -0.9
0.02 -0.9 -0.8
0.02 -0.9 -0.7
0.02 -0.9 -0.6
0.02 -0.9 -0.5
0.02 -0.9 -0.4
0.02 -0.9 -0.3
0.02 -0.9 -0.2
0.02 -0.9 -0.1
0.02 -0.9 0
0.02 -0.9 0.1
0.02 -0.9 0.2
0.02 -0.9 0.3
0.02 -0.9 0.4
0.02 -0.9 0.5
0.02 -0.9 0.6
0.02 -0.9 0.7
0.02 -0.9 0.8
0.02 -0.9 0.9
0.02 -0.9 1
0.02 -0.8 -1
0.02 -0.8 -0.9
0.02 -0.8 -0.8
0.02 -0.8 -0.7
0.02 -0.8 -0.6
0.02 -0.8 -0.5
0.02 -0.8 -0.4
0.02 -0.8 -0.3
0.02 -0.8 -0.2
0.02 -0.8 -0.1
0.02 -0.8 0
0.02 -0.8 0.1
0.02 -0.8 0.2
0.02 -0.8 0.3
0.02 -0.8 0.4
0.02 -0.8 0.5
0.02 -0.8 0.6
0.02 -0.8 0.7
0.02 -0.8 0.8
0.02 -0.8 0.9
0.02 -0.8 1
0.02 -0.7 -1
0.02 -0.7 -0.9
0.02 -0.7 -0.8
0.02 -0.7 -0.7
0.02 -0.7 -0.6
0.02 -0.7 -0.5
0.02 -0.7 -0.4
0.02 -0.7 -0.3
0.02 -0.7 -0.2
0.02 -0.7 -0.1
0.02 -0.7 0
0.02 -0.7 0.1
0.02 -0.7 0.2
0.02 -0.7 0.3
0.02 -0.7 0.4
0.02 -0.7 0.5
0.02 -0.7 0.6
0.02 -0.7 0.7
0.02 -0.7 0.8
0.02 -0.7 0.9
0.02 -0.7 1
0.02 -0.6 -1
0.02 -0.6 -0.9
0.02 -0.6 -0.8
0.02 -0.6 -0.7
0.02 -0.6 -0.6
0.02 -0.6 -0.5
0.02 -0.6 -0.4
0.02 -0.6 -0.3
0.02 -0.6 -0.2
0.02 -0.6 -0.1
0.02 -0.6 0
0.02 -0.6 0.1
0.02 -0.6 0.2
0.02 -0.6 0.3
0.02 -0.6 0.4
0.02 -0.6 0.5
0.02 -0.6 0.6
0.02 -0.6 0.7
0.02 -0.6 0.8
0.02 -0.6 0.9
0.02 -0.6 1
0.02 -0.5 -1
0.02 -0.5 -0.9
0.02 -0.5 -0.8
0.02 -0.5 -0.7
0.02 -0.5 -0.6
0.02 -0.5 -0.5
0.02 -0.5 -0.4
0.02 -0.5 -0.3
0.02 -0.5 -0.2
0.02 -0.5 -0.1
0.02 -0.5 0
0.02 -0.5 0.1
0.02 -0.5 0.2
0.02 -0.5 0.3
0.02 -0.5 0.4
0.02 -0.5 0.5
0.02 -0.5 0.6
0.02 -0.5 0.7
0.02 -0.5 0.8
0.02 -0.5 0.9
0.02 -0.5 1
0.02 -0.4 -1
0.02 -0.4 -0.9
0.02 -0.4 -0.8
0.02 -0.4 -0.7
0.02 -0.4 -0.6
0.02 -0.4 -0.5
0.02 -0.4 -0.4
0.02 -0.4 -0.3
0.02 -0.4 -0.2
0.02 -0.4 -0.1
0.02 -0.4 0
0.02 -0.4 0.1
0.02 -0.4 0.2
0.02 -0.4 0.3
0.02 -0.4 0.4
0.02 -0.4 0.5
0.02 -0.4 0.6
0.02 -0.4 0.7
0.02 -0.4 0.8
0.02 -0.4 0.9
0.02 -0.4 1
0.02 -0.3 -1
0.02 -0.3 -0.9
0.02 -0.3 -0.8
0.02 -0.3 -0.7
0.02 -0.3 -0.6
0.02 -0.3 -0.5
0.02 -0.3 -0.4
0.02 -0.3 -0.3
0.02 -0.3 -0.2
0.02 -0.3 -0.1
0.02 -0.3 0
0.02 -0.3 0.1
0.02 -0.3 0.2
0.02 -0.3 0.3
0.02 -0.3 0.4
0.02 -0.3 0.5
0.02 -0.3 0.6
0.02 -0.3 0.7
0.02 -0.3 0.8
0.02 -0.3 0.9
0.02 -0.3 1
0.02 -0.2 -1
0.02 -0.2 -0.9
0.02 -0.2 -0.8
0.02 -0.2 -0.7
0.02 -0.2 -0.6
0.02 -0.2 -0.5
0.02 -0.2 -0.4
0.02 -0.2 -0.3
0.02 -0.2 -0.2
0.02 -0.2 -0.1
0.02 -0.2 0
0.02 -0.2 0.1
0.02 -0.2 0.2
0.02 -0.2 0.3
0.02 -0.2 0.4
0.02 -0.2 0.5
0.02 -0.2 0.6
0.02 -0.2 0.7
0.02 -0.2 0.8
0.02 -0.2 0.9
0.02 -0.2 1
0.02 -0.1 -1
0.02 -0.1 -0.9
0.02 -0.1 -0.8
0.02 -0.1 -0.7
0.02 -0.1 -0.6
0.02 -0.1 -0.5
0.02 -0.1 -0.4
0.02 -0.1 -0.3
0.02 -0.1 -0.2
0.02 -0.1 -0.1
0.02 -0.1 0
0.02 -0.1 0.1
0.02 -0.1 0.2
0.02 -0.1 0.3
0.02 -0.1 0.4
0.02 -0.1 0.5
0.02 -0.1 0.6
0.02 -0.1 0.7
0.02 -0.1 0.8
0.02 -0.1 0.9
0.02 -0.1 1
0.02 0 -1
0.02 0 -0.9
0.02 0 -0.8
0.02 0 -0.7
0.02 0 -0.6
0.02 0 -0.5
0.02 0 -0.4
0.02 0 -0.3
0.02 0 -0.2
0.02 0 -0.1
0.02 0 0
0.02 0 0.1
0.02 0 0.2
0.02 0 0.3
0.02 0 0.4
0.02 0 0.5
0.02 0 0.6
0.02 0 0.7
0.02 0 0.8
0.02 0 0.9
0.02 0 1
0.02 0.1 -1
0.02 0.1 -0.9
0.02 0.1 -0.8
0.02 0.1 -0.7
0.02 0.1 -0.6
0.02 0.1 -0.5
0.02 0.1 -0.4
0.02 0.1 -0.3
0.02 0.1 -0.2
0.02 0.1 -0.1
0.02 0.1 0
0.02 0.1 0.1
0.02 0.1 0.2
0.02 0.1 0.3
0.02 0.1 0.4
0.02 0.1 0.5
0.02 0.1 0.6
0.02 0.1 0.7
0.02 0.1 0.8
0.02 0.1 0.9
0.02 0.1 1
0.02 0.2 -1
0.02 0.2 -0.9
0.02 0.2 -0.8
0.02 0.2 -0.7
0.02 0.2 -0.6
0.02 0.2 -0.5
0.02 0.2 -0.4
0.02 0.2 -0.3
0.02 0.2 -0.2
0.02 0.2 -0.1
0.02 0.2 0
0.02 0.2 0.1
0.02 0.2 0.2
0.02 0.2 0.3
0.02 0.2 0.4
0.02 0.2 0.5
0.02 0.2 0.6
0.02 0.2 0.7
0.02 0.2 0.8
0.02 0.2 0.9
0.02 0.2 1
0.02 0.3 -1
0.02 0.3 -0.9
0.02 0.3 -0.8
0.02 0.3 -0.7
0.02 0.3 -0.6
0.02 0.3 -0.5
0.02 0.3 -0.4
0.02 0.3 -0.3
0.02 0.3 -0.2
0.02 0.3 -0.1
0.02 0.3 0
0.02 0.3 0.1
0.02 0.3 0.2
0.02 0.3 0.3
0.02 0.3 0.4
0.02 0.3 0.5
0.02 0.3 0.6
0.02 0.3 0.7
0.02 0.3 0.8
0.02 0.3 0.9
0.02 0.3 1
0.02 0.4 -1
0.02 0.4 -0.9
0.02 0.4 -0.8
0.02 0.4 -0.7
0.02 0.4 -0.6
0.02 0.4 -0.5
0.02 0.4 -0.4
0.02 0.4 -0.3
0.02 0.4 -0.2
0.02 0.4 -0.1
0.02 0.4 0
0.02 0.4 0.1
0.02 0.4 0.2
0.02 0.4 0.3
0.02 0.4 0.4
0.02 0.4 0.5
0.02 0.4 0.6
0.02 0.4 0.7
0.02 0.4 0.8
0.02 0.4 0.9
0.02 0.4 1
0.02 0.5 -1
0.02 0.5 -0.9
0.02 0.5 -0.8
0.02 0.5 -0.7
0.02 0.5 -0.6
0.02 0.5 -0.5
0.02 0.5 -0.4
0.02 0.5 -0.3
0.02 0.5 -0.2
0.02 0.5 -0.1
0.02 0.5 0
0.02 0.5 0.1
0.02 0.5 0.2
0.02 0.5 0.3
0.02 0.5 0.4
0.02 0.5 0.5
0.02 0.5 0.6
0.02 0.5 0.7
0.02 0.5 0.8
0.02 0.5 0.9
0.02 0.5 1
0.02 0.6 -1
0.02 0.6 -0.9
0.02 0.6 -0.8
0.02 0.6 -0.7
0.02 0.6 -0.6
0.02 0.6 -0.5
0.02 0.6 -0.4
0.02 0.6 -0.3
0.02 0.6 -0.2
0.02 0.6 -0.1
0.02 0.6 0
0.02 0.6 0.1
0.02 0.6 0.2
0.02 0.6 0.3
0.02 0.6 0.4
0.02 0.6 0.5
0.02 0.6 0.6
0.02 0.6 0.7
0.02 0.6 0.8
0.02 0.6 0.9
0.02 0.6 1
0.02 0.7 -1
0.02 0.7 -0.9
0.02 0.7 -0.8
0.02 0.7 -0.7
0.02 0.7 -0.6
0.02 0.7 -0.5
0.02 0.7 -0.4
0.02 0.7 -0.3
0.02 0.7 -0.2
0.02 0.7 -0.1
0.02 0.7 0
0.02 0.7 0.1
0.02 0.7 0.2
0.02 0.7 0.3
0.02 0.7 0.4
0.02 0.7 0.5
0.02 0.7 0.6
0.02 0.7 0.7
0.02 0.7 0.8
0.02 0.7 0.9
0.02 0.7 1
0.02 0.8 -1
0.02 0.8 -0.9
0.02 0.8 -0.8
0.02 0.8 -0.7
0.02 0.8 -0.6
0.02 0.8 -0.5
0.02 0.8 -0.4
0.02 0.8 -0.3
0.02 0.8 -0.2
0.02 0.8 -0.1
0.02 0.8 0
0.02 0.8 0.1
0.02 0.8 0.2
0.02 0.8 0.3
0.02 0.8 0.4
0.02 0.8 0.5
0.02 0.8 0.6
0.02 0.8 0.7
0.02 0.8 0.8
0.02 0.8 0.9
0.02 0.8 1
0.02 0.9 -1
0.02 0.9 -0.9
0.02 0.9 -0.8
0.02 0.9 -0.7
0.02 0.9 -0.6
0.02 0.9 -0.5
0.02 0.9 -0.4
0.02 0.9 -0.3
0.02 0.9 -0.2
0.02 0.9 -0.1
0.02 0.9 0
0.02 0.9 0.1
0.02 0.9 0.2
0.02 0.9 0.3
0.02 0.9 0.4
0.02 0.9 0.5
0.02 0.9 0.6
0.02 0.9 0.7
0.02 0.9 0.8
0.02 0.9 0.9
0.02 0.9 1
0.02 1 -1
0.02 1 -0.9
0.02 1 -0.8
0.02 1 -0.7
0.02 1 -0.6
0.02 1 -0.5
0.02 1 -0.4
0.02 1 -0.3
0.02 1 -0.2
0.02 1 -0.1
0.02 1 0
0.02 1 0.1
0.02 1 0.2
0.02 1 0.3
0.02 1 0.4
0.02 1 0.5
0.02 1 0.6
0.02 1 0.7
0.02 1 0.8
0.02 1 0.9
0.02 1 1
0.03 -1 -1
0.03 -1 -0.9
0.03 -1 -0.8
0.03 -1 -0.7
0.03 -1 -0.6
0.03 -1 -0.5
0.03 -1 -0.4
0.03 -1 -0.3
0.03 -1 -0.2
0.03 -1 -0.1
0.03 -1 0
0.03 -1 0.1
0.03 -1 0.2
0.03 -1 0.3
0.03 -1 0.4
0.03 -1 0.5
0.03 -1 0.6
0.03 -1 0.7
0.03 -1 0.8
0.03 -1 0.9
0.03 -1 1
0.03 -0.9 -1
0.03 -0.9 -0.9
0.03 -0.9 -0.8
0.03 -0.9 -0.7
0.03 -0.9 -0.6
0.03 -0.9 -0.5
0.03 -0.9 -0.4
0.03 -0.9 -0.3
0.03 -0.9 -0.2
0.03 -0.9 -0.1
0.03 -0.9 0
0.03 -0.9 0.1
0.03 -0.9 0.2
0.03 -0.9 0.3
0.03 -0.9 0.4
0.03 -0.9 0.5
0.03 -0.9 0.6
0.03 -0.9 0.7
0.03 -0.9 0.8
0.03 -0.9 0.9
0.03 -0.9 1
0.03 -0.8 -1
0.03 -0.8 -0.9
0.03 -0.8 -0.8
0.03 -0.8 -0.7
0.03 -0.8 -0.6
0.03 -0.8 -0.5
0.03 -0.8 -0.4
0.03 -0.8 -0.3
0.03 -0.8 -0.2
0.03 -0.8 -0.1
0.03 -0.8 0
0.03 -0.8 0.1
0.03 -0.8 0.2
0.03 -0.8 0.3
0.03 -0.8 0.4
0.03 -0.8 0.5
0.03 -0.8 0.6
0.03 -0.8 0.7
0.03 -0.8 0.8
0.03 -0.8 0.9
0.03 -0.8 1
0.03 -0.7 -1
0.03 -0.7 -0.9
0.03 -0.7 -0.8
0.03 -0.7 -0.7
0.03 -0.7 -0.6
0.03 -0.7 -0.5
0.03 -0.7 -0.4
0.03 -0.7 -0.3
0.03 -0.7 -0.2
0.03 -0.7 -0.1
0.03 -0.7 0
0.03 -0.7 0.1
0.03 -0.7 0.2
0.03 -0.7 0.3
0.03 -0.7 0.4
0.03 -0.7 0.5
0.03 -0.7 0.6
0.03 -0.7 0.7
0.03 -0.7 0.8
0.03 -0.7 0.9
0.03 -0.7 1
0.03 -0.6 -1
0.03 -0.6 -0.9
0.03 -0.6 -0.8
0.03 -0.6 -0.7
0.03 -0.6 -0.6
0.03 -0.6 -0.5
0.03 -0.6 -0.4
0.03 -0.6 -0.3
0.03 -0.6 -0.2
0.03 -0.6 -0.1
0.03 -0.6 0
0.03 -0.6 0.1
0.03 -0.6 0.2
0.03 -0.6 0.3
0.03 -0.6 0.4
0.03 -0.6 0.5
0.03 -0.6 0.6
0.03 -0.6 0.7
0.03 -0.6 0.8
0.03 -0.6 0.9
0.03 -0.6 1
0.03 -0.5 -1
0.03 -0.5 -0.9
0.03 -0.5 -0.8
0.03 -0.5 -0.7
0.03 -0.5 -0.6
0.03 -0.5 -0.5
0.03 -0.5 -0.4
0.03 -0.5 -0.3
0.03 -0.5 -0.2
0.03 -0.5 -0.1
0.03 -0.5 0
0.03 -0.5 0.1
0.03 -0.5 0.2
0.03 -0.5 0.3
0.03 -0.5 0.4
0.03 -0.5 0.5
0.03 -0.5 0.6
0.03 -0.5 0.7
0.03 -0.5 0.8
0.03 -0.5 0.9
0.03 -0.5 1
0.03 -0.4 -1
0.03 -0.4 -0.9
0.03 -0.4 -0.8
0.03 -0.4 -0.7
0.03 -0.4 -0.6
0.03 -0.4 -0.5
0.03 -0.4 -0.4
0.03 -0.4 -0.3
0.03 -0.4 -0.2
0.03 -0.4 -0.1
0.03 -0.4 0
0.03 -0.4 0.1
0.03 -0.4 0.2
0.03 -0.4 0.3
0.03 -0.4 0.4
0.03 -0.4 0.5
0.03 -0.4 0.6
0.03 -0.4 0.7
0.03 -0.4 0.8
0.03 -0.4 0.9
0.03 -0.4 1
0.03 -0.3 -1
0.03 -0.3 -0.9
0.03 -0.3 -0.8
0.03 -0.3 -0.7
0.03 -0.3 -0.6
0.03 -0.3 -0.5
0.03 -0.3 -0.4
0.03 -0.3 -0.3
0.03 -0.3 -0.2
0.03 -0.3 -0.1
0.03 -0.3 0
0.03 -0.3 0.1
0.03 -0.3 0.2
0.03 -0.3 0.3
0.03 -0.3 0.4
0.03 -0.3 0.5
0.03 -0.3 0.6
0.03 -0.3 0.7
0.03 -0.3 0.8
0.03 -0.3 0.9
0.03 -0.3 1
0.03 -0.2 -1
0.03 -0.2 -0.9
0.03 -0.2 -0.8
0.03 -0.2 -0.7
0.03 -0.2 -0.6
0.03 -0.2 -0.5
0.03 -0.2 -0.4
0.03 -0.2 -0.3
0.03 -0.2 -0.2
0.03 -0.2 -0.1
0.03 -0.2 0
0.03 -0.2 0.1
0.03 -0.2 0.2
0.03 -0.2 0.3
0.03 -0.2 0.4
0.03 -0.2 0.5
0.03 -0.2 0.6
0.03 -0.2 0.7
0.03 -0.2 0.8
0.03 -0.2 0.9
0.03 -0.2 1
0.03 -0.1 -1
0.03 -0.1 -0.9
0.03 -0.1 -0.8
0.03 -0.1 -0.7
0.03 -0.1 -0.6
0.03 -0.1 -0.5
0.03 -0.1 -0.4
0.03 -0.1 -0.3
0.03 -0.1 -0.2
0.03 -0.1 -0.1
0.03 -0.1 0
0.03 -0.1 0.1
0.03 -0.1 0.2
0.03 -0.1 0.3
0.03 -0.1 0.4
0.03 -0.1 0.5
0.03 -0.1 0.6
0.03 -0.1 0.7
0.03 -0.1 0.8
0.03 -0.1 0.9
0.03 -0.1 1
0.03 0 -1
0.03 0 -0.9
0.03 0 -0.8
0.03 0 -0.7
0.03 0 -0.6
0.03 0 -0.5
0.03 0 -0.4
0.03 0 -0.3
0.03 0 -0.2
0.03 0 -0.1
0.03 0 0
0.03 0 0.1
0.03 0 0.2
0.03 0 0.3
0.03 0 0.4
0.03 0 0.5
0.03 0 0.6
0.03 0 0.7
0.03 0 0.8
0.03 0 0.9
0.03 0 1
0.03 0.1 -1
0.03 0.1 -0.9
0.03 0.1 -0.8
0.03 0.1 -0.7
0.03 0.1 -0.6
0.03 0.1 -0.5
0.03 0.1 -0.4
0.03 0.1 -0.3
0.03 0.1 -0.2
0.03 0.1 -0.1
0.03 0.1 0
0.03 0.1 0.1
0.03 0.1 0.2
0.03 0.1 0.3
0.03 0.1 0.4
0.03 0.1 0.5
0.03 0.1 0.6
0.03 0.1 0.7
0.03 0.1 0.8
0.03 0.1 0.9
0.03 0.1 1
0.03 0.2 -1
0.03 0.2 -0.9
0.03 0.2 -0.8
0.03 0.2 -0.7
0.03 0.2 -0.6
0.03 0.2 -0.5
0.03 0.2 -0.4
0.03 0.2 -0.3
0.03 0.2 -0.2
0.03 0.2 -0.1
0.03 0.2 0
0.03 0.2 0.1
0.03 0.2 0.2
0.03 0.2 0.3
0.03 0.2 0.4
0.03 0.2 0.5
0.03 0.2 0.6
0.03 0.2 0.7
0.03 0.2 0.8
0.03 0.2 0.9
0.03 0.2 1
0.03 0.3 -1
0.03 0.3 -0.9
0.03 0.3 -0.8
0.03 0.3 -0.7
0.03 0.3 -0.6
0.03 0.3 -0.5
0.03 0.3 -0.4
0.03 0.3 -0.3
0.03 0.3 -0.2
0.03 0.3 -0.1
0.03 0.3 0
0.03 0.3 0.1
0.03 0.3 0.2
0.03 0.3 0.3
0.03 0.3 0.4
0.03 0.3 0.5
0.03 0.3 0.6
0.03 0.3 0.7
0.03 0.3 0.8
0.03 0.3 0.9
0.03 0.3 1
0.03 0.4 -1
0.03 0.4 -0.9
0.03 0.4 -0.8
0.03 0.4 -0.7
0.03 0.4 -0.6
0.03 0.4 -0.5
0.03 0.4 -0.4
0.03 0.4 -0.3
0.03 0.4 -0.2
0.03 0.4 -0.1
0.03 0.4 0
0.03 0.4 0.1
0.03 0.4 0.2
0.03 0.4 0.3
0.03 0.4 0.4
0.03 0.4 0.5
0.03 0.4 0.6
0.03 0.4 0.7
0.03 0.4 0.8
0.03 0.4 0.9
0.03 0.4 1
0.03 0.5 -1
0.03 0.5 -0.9
0.03 0.5 -0.8
0.03 0.5 -0.7
0.03 0.5 -0.6
0.03 0.5 -0.5
0.03 0.5 -0.4
0.03 0.5 -0.3
0.03 0.5 -0.2
0.03 0.5 -0.1
0.03 0.5 0
0.03 0.5 0.1
0.03 0.5 0.2
0.03 0.5 0.3
0.03 0.5 0.4
0.03 0.5 0.5
0.03 0.5 0.6
0.03 0.5 0.7
0.03 0.5 0.8
0.03 0.5 0.9
0.03 0.5 1
0.03 0.6 -1
0.03 0.6 -0.9
0.03 0.6 -0.8
0.03 0.6 -0.7
0.03 0.6 -0.6
0.03 0.6 -0.5
0.03 0.6 -0.4
0.03 0.6 -0.3
0.03 0.6 -0.2
0.03 0.6 -0.1
0.03 0.6 0
0.03 0.6 0.1
0.03 0.6 0.2
0.03 0.6 0.3
0.03 0.6 0.4
0.03 0.6 0.5
0.03 0.6 0.6
0.03 0.6 0.7
0.03 0.6 0.8
0.03 0.6 0.9
0.03 0.6 1
0.03 0.7 -1
0.03 0.7 -0.9
0.03 0.7 -0.8
0.03 0.7 -0.7
0.03 0.7 -0.6
0.03 0.7 -0.5
0.03 0.7 -0.4
0.03 0.7 -0.3
0.03 0.7 -0.2
0.03 0.7 -0.1
0.03 0.7 0
0.03 0.7 0.1
0.03 0.7 0.2
0.03 0.7 0.3
0.03 0.7 0.4
0.03 0.7 0.5
0.03 0.7 0.6
0.03 0.7 0.7
0.03 0.7 0.8
0.03 0.7 0.9
0.03 0.7 1
0.03 0.8 -1
0.03 0.8 -0.9
0.03 0.8 -0.8
0.03 0.8 -0.7
0.03 0.8 -0.6
0.03 0.8 -0.5
0.03 0.8 -0.4
0.03 0.8 -0.3
0.03 0.8 -0.2
0.03 0.8 -0.1
0.03 0.8 0
0.03 0.8 0.1
0.03 0.8 0.2
0.03 0.8 0.3
0.03 0.8 0.4
0.03 0.8 0.5
0.03 0.8 0.6
0.03 0.8 0.7
0.03 0.8 0.8
0.03 0.8 0.9
0.03 0.8 1
0.03 0.9 -1
0.03 0.9 -0.9
0.03 0.9 -0.8
0.03 0.9 -0.7
0.03 0.9 -0.6
0.03 0.9 -0.5
0.03 0.9 -0.4
0.03 0.9 -0.3
0.03 0.9 -0.2
0.03 0.9 -0.1
0.03 0.9 0
0.03 0.9 0.1
0.03 0.9 0.2
0.03 0.9 0.3
0.03 0.9 0.4
0.03 0.9 0.5
0.03 0.9 0.6
0.03 0.9 0.7
0.03 0.9 0.8
0.03 0.9 0.9
0.03 0.9 1
0.03 1 -1
0.03 1 -0.9
0.03 1 -0.8
0.03 1 -0.7
0.03 1 -0.6
0.03 1 -0.5
0.03 1 -0.4
0.03 1 -0.3
0.03 1 -0.2
0.03 1 -0.1
0.03 1 0
0.03 1 0.1
0.03 1 0.2
0.03 1 0.3
0.03 1 0.4
0.03 1 0.5
0.03 1 0.6
0.03 1 0.7
0.03 1 0.8
0.03 1 0.9
0.03 1 1
0.04 -1 -1
0.04 -1 -0.9
0.04 -1 -0.8
0.04 -1 -0.7
0.04 -1 -0.6
0.04 -1 -0.5
0.04 -1 -0.4
0.04 -1 -0.3
0.04 -1 -0.2
0.04 -1 -0.1
0.04 -1 0
0.04 -1 0.1
0.04 -1 0.2
0.04 -1 0.3
0.04 -1 0.4
0.04 -1 0.5
0.04 -1 0.6
0.04 -1 0.7
0.04 -1 0.8
0.04 -1 0.9
0.04 -1 1
0.04 -0.9 -1
0.04 -0.9 -0.9
0.04 -0.9 -0.8
0.04 -0.9 -0.7
0.04 -0.9 -0.6
0.04 -0.9 -0.5
0.04 -0.9 -0.4
0.04 -0.9 -0.3
0.04 -0.9 -0.2
0.04 -0.9 -0.1
0.04 -0.9 0
0.04 -0.9 0.1
0.04 -0.9 0.2
0.04 -0.9 0.3
0.04 -0.9 0.4
0.04 -0.9 0.5
0.04 -0.9 0.6
0.04 -0.9 0.7
0.04 -0.9 0.8
0.04 -0.9 0.9
0.04 -0.9 1
0.04 -0.8 -1
0.04 -0.8 -0.9
0.04 -0.8 -0.8
0.04 -0.8 -0.7
0.04 -0.8 -0.6
0.04 -0.8 -0.5
0.04 -0.8 -0.4
0.04 -0.8 -0.3
0.04 -0.8 -0.2
0.04 -0.8 -0.1
0.04 -0.8 0
0.04 -0.8 0.1
0.04 -0.8 0.2
0.04 -0.8 0.3
0.04 -0.8 0.4
0.04 -0.8 0.5
0.04 -0.8 0.6
0.04 -0.8 0.7
0.04 -0.8 0.8
0.04 -0.8 0.9
0.04 -0.8 1
0.04 -0.7 -1
0.04 -0.7 -0.9
0.04 -0.7 -0.8
0.04 -0.7 -0.7
0.04 -0.7 -0.6
0.04 -0.7 -0.5
0.04 -0.7 -0.4
0.04 -0.7 -0.3
0.04 -0.7 -0.2
0.04 -0.7 -0.1
0.04 -0.7 0
0.04 -0.7 0.1
0.04 -0.7 0.2
0.04 -0.7 0.3
0.04 -0.7 0.4
0.04 -0.7 0.5
0.04 -0.7 0.6
0.04 -0.7 0.7
0.04 -0.7 0.8
0.04 -0.7 0.9
0.04 -0.7 1
0.04 -0.6 -1
0.04 -0.6 -0.9
0.04 -0.6 -0.8
0.04 -0.6 -0.7
0.04 -0.6 -0.6
0.04 -0.6 -0.5
0.04 -0.6 -0.4
0.04 -0.6 -0.3
0.04 -0.6 -0.2
0.04 -0.6 -0.1
0.04 -0.6 0
0.04 -0.6 0.1
0.04 -0.6 0.2
0.04 -0.6 0.3
0.04 -0.6 0.4
0.04 -0.6 0.5
0.04 -0.6 0.6
0.04 -0.6 0.7
0.04 -0.6 0.8
0.04 -0.6 0.9
0.04 -0.6 1
0.04 -0.5 -1
0.04 -0.5 -0.9
0.04 -0.5 -0.8
0.04 -0.5 -0.7
0.04 -0.5 -0.6
0.04 -0.5 -0.5
0.04 -0.5 -0.4
0.04 -0.5 -0.3
0.04 -0.5 -0.2
0.04 -0.5 -0.1
0.04 -0.5 0
0.04 -0.5 0.1
0.04 -0.5 0.2
0.04 -0.5 0.3
0.04 -0.5 0.4
0.04 -0.5 0.5
0.04 -0.5 0.6
0.04 -0.5 0.7
0.04 -0.5 0.8
0.04 -0.5 0.9
0.04 -0.5 1
0.04 -0.4 -1
0.04 -0.4 -0.9
0.04 -0.4 -0.8
0.04 -0.4 -0.7
0.04 -0.4 -0.6
0.04 -0.4 -0.5
0.04 -0.4 -0.4
0.04 -0.4 -0.3
0.04 -0.4 -0.2
0.04 -0.4 -0.1
0.04 -0.4 0
0.04 -0.4 0.1
0.04 -0.4 0.2
0.04 -0.4 0.3
0.04 -0.4 0.4
0.04 -0.4 0.5
0.04 -0.4 0.6
0.04 -0.4 0.7
0.04 -0.4 0.8
0.04 -0.4 0.9
0.04 -0.4 1
0.04 -0.3 -1
0.04 -0.3 -0.9
0.04 -0.3 -0.8
0.04 -0.3 -0.7
0.04 -0.3 -0.6
0.04 -0.3 -0.5
0.04 -0.3 -0.4
0.04 -0.3 -0.3
0.04 -0.3 -0.2
0.04 -0.3 -0.1
0.04 -0.3 0
0.04 -0.3 0.1
0.04 -0.3 0.2
0.04 -0.3 0.3
0.04 -0.3 0.4
0.04 -0.3 0.5
0.04 -0.3 0.6
0.04 -0.3 0.7
0.04 -0.3 0.8
0.04 -0.3 0.9
0.04 -0.3 1
0.04 -0.2 -1
0.04 -0.2 -0.9
0.04 -0.2 -0.8
0.04 -0.2 -0.7
0.04 -0.2 -0.6
0.04 -0.2 -0.5
0.04 -0.2 -0.4
0.04 -0.2 -0.3
0.04 -0.2 -0.2
0.04 -0.2 -0.1
0.04 -0.2 0
0.04 -0.2 0.1
0.04 -0.2 0.2
0.04 -0.2 0.3
0.04 -0.2 0.4
0.04 -0.2 0.5
0.04 -0.2 0.6
0.04 -0.2 0.7
0.04 -0.2 0.8
0.04 -0.2 0.9
0.04 -0.2 1
0.04 -0.1 -1
0.04 -0.1 -0.9
0.04 -0.1 -0.8
0.04 -0.1 -0.7
0.04 -0.1 -0.6
0.04 -0.1 -0.5
0.04 -0.1 -0.4
0.04 -0.1 -0.3
0.04 -0.1 -0.2
0.04 -0.1 -0.1
0.04 -0.1 0
0.04 -0.1 0.1
0.04 -0.1 0.2
0.04 -0.1 0.3
0.04 -0.1 0.4
0.04 -0.1 0.5
0.04 -0.1 0.6
0.04 -0.1 0.7
0.04 -0.1 0.8
0.04 -0.1 0.9
0.04 -0.1 1
0.04 0 -1
0.04 0 -0.9
0.04 0 -0.8
0.04 0 -0.7
0.04 0 -0.6
0.04 0 -0.5
0.04 0 -0.4
0.04 0 -0.3
0.04 0 -0.2
0.04 0 -0.1
0.04 0 0
0.04 0 0.1
0.04 0 0.2
0.04 0 0.3
0.04 0 0.4
0.04 0 0.5
0.04 0 0.6
0.04 0 0.7
0.04 0 0.8
0.04 0 0.9
0.04 0 1
0.04 0.1 -1
0.04 0.1 -0.9
0.04 0.1 -0.8
0.04 0.1 -0.7
0.04 0.1 -0.6
0.04 0.1 -0.5
0.04 0.1 -0.4
0.04 0.1 -0.3
0.04 0.1 -0.2
0.04 0.1 -0.1
0.04 0.1 0
0.04 0.1 0.1
0.04 0.1 0.2
0.04 0.1 0.3
0.04 0.1 0.4
0.04 0.1 0.5
0.04 0.1 0.6
0.04 0.1 0.7
0.04 0.1 0.8
0.04 0.1 0.9
0.04 0.1 1
0.04 0.2 -1
0.04 0.2 -0.9
0.04 0.2 -0.8
0.04 0.2 -0.7
0.04 0.2 -0.6
0.04 0.2 -0.5
0.04 0.2 -0.4
0.04 0.2 -0.3
0.04 0.2 -0.2
0.04 0.2 -0.1
0.04 0.2 0
0.04 0.2 0.1
0.04 0.2 0.2
0.04 0.2 0.3
0.04 0.2 0.4
0.04 0.2 0.5
0.04 0.2 0.6
0.04 0.2 0.7
0.04 0.2 0.8
0.04 0.2 0.9
0.04 0.2 1
0.04 0.3 -1
0.04 0.3 -0.9
0.04 0.3 -0.8
0.04 0.3 -0.7
0.04 0.3 -0.6
0.04 0.3 -0.5
0.04 0.3 -0.4
0.04 0.3 -0.3
0.04 0.3 -0.2
0.04 0.3 -0.1
0.04 0.3 0
0.04 0.3 0.1
0.04 0.3 0.2
0.04 0.3 0.3
0.04 0.3 0.4
0.04 0.3 0.5
0.04 0.3 0.6
0.04 0.3 0.7
0.04 0.3 0.8
0.04 0.3 0.9
0.04 0.3 1
0.04 0.4 -1
0.04 0.4 -0.9
0.04 0.4 -0.8
0.04 0.4 -0.7
0.04 0.4 -0.6
0.04 0.4 -0.5
0.04 0.4 -0.4
0.04 0.4 -0.3
0.04 0.4 -0.2
0.04 0.4 -0.1
0.04 0.4 0
0.04 0.4 0.1
0.04 0.4 0.2
0.04 0.4 0.3
0.04 0.4 0.4
0.04 0.4 0.5
0.04 0.4 0.6
0.04 0.4 0.7
0.04 0.4 0.8
0.04 0.4 0.9
0.04 0.4 1
0.04 0.5 -1
0.04 0.5 -0.9
0.04 0.5 -0.8
0.04 0.5 -0.7
0.04 0.5 -0.6
0.04 0.5 -0.5
0.04 0.5 -0.4
0.04 0.5 -0.3
0.04 0.5 -0.2
0.04 0.5 -0.1
0.04 0.5 0
0.04 0.5 0.1
0.04 0.5 0.2
0.04 0.5 0.3
0.04 0.5 0.4
0.04 0.5 0.5
0.04 0.5 0.6
0.04 0.5 0.7
0.04 0.5 0.8
0.04 0.5 0.9
0.04 0.5 1
0.04 0.6 -1
0.04 0.6 -0.9
0.04 0.6 -0.8
0.04 0.6 -0.7
0.04 0.6 -0.6
0.04 0.6 -0.5
0.04 0.6 -0.4
0.04 0.6 -0.3
0.04 0.6 -0.2
0.04 0.6 -0.1
0.04 0.6 0
0.04 0.6 0.1
0.04 0.6 0.2
0.04 0.6 0.3
0.04 0.6 0.4
0.04 0.6 0.5
0.04 0.6 0.6
0.04 0.6 0.7
0.04 0.6 0.8
0.04 0.6 0.9
0.04 0.6 1
0.04 0.7 -1
0.04 0.7 -0.9
0.04 0.7 -0.8
0.04 0.7 -0.7
0.04 0.7 -0.6
0.04 0.7 -0.5
0.04 0.7 -0.4
0.04 0.7 -0.3
0.04 0.7 -0.2
0.04 0.7 -0.1
0.04 0.7 0
0.04 0.7 0.1
0.04 0.7 0.2
0.04 0.7 0.3
0.04 0.7 0.4
0.04 0.7 0.5
0.04 0.7 0.6
0.04 0.7 0.7
0.04 0.7 0.8
0.04 0.7 0.9
0.04 0.7 1
0.04 0.8 -1
0.04 0.8 -0.9
0.04 0.8 -0.8
0.04 0.8 -0.7
0.04 0.8 -0.6
0.04 0.8 -0.5
0.04 0.8 -0.4
0.04 0.8 -0.3
0.04 0.8 -0.2
0.04 0.8 -0.1
0.04 0.8 0
0.04 0.8 0.1
0.04 0.8 0.2
0.04 0.8 0.3
0.04 0.8 0.4
0.04 0.8 0.5
0.04 0.8 0.6
0.04 0.8 0.7
0.04 0.8 0.8
0.04 0.8 0.9
0.04 0.8 1
0.04 0.9 -1
0.04 0.9 -0.9
0.04 0.9 -0.8
0.04 0.9 -0.7
0.04 0.9 -0.6
0.04 0.9 -0.5
0.04 0.9 -0.4
0.04 0.9 -0.3
0.04 0.9 -0.2
0.04 0.9 -0.1
0.04 0.9 0
0.04 0.9 0.1
0.04 0.9 0.2
0.04 0.9 0.3
0.04 0.9 0.4
0.04 0.9 0.5
0.04 0.9 0.6
0.04 0.9 0.7
0.04 0.9 0.8
0.04 0.9 0.9
0.04 0.9 1
0.04 1 -1
0.04 1 -0.9
0.04 1 -0.8
0.04 1 -0.7
0.04 1 -0.6
0.04 1 -0.5
0.04 1 -0.4
0.04 1 -0.3
0.04 1 -0.2
0.04 1 -0.1
0.04 1 0
0.04 1 0.1
0.04 1 0.2
0.04 1 0.3
0.04 1 0.4
0.04 1 0.5
0.04 1 0.6
0.04 1 0.7
0.04 1 0.8
0.04 1 0.9
0.04 1 1
0.05 -1 -1
0.05 -1 -0.9
0.05 -1 -0.8
0.05 -1 -0.7
0.05 -1 -0.6
0.05 -1 -0.5
0.05 -1 -0.4
0.05 -1 -0.3
0.05 -1 -0.2
0.05 -1 -0.1
0.05 -1 0
0.05 -1 0.1
0.05 -1 0.2
0.05 -1 0.3
0.05 -1 0.4
0.05 -1 0.5
0.05 -1 0.6
0.05 -1 0.7
0.05 -1 0.8
0.05 -1 0.9
0.05 -1 1
0.05 -0.9 -1
0.05 -0.9 -0.9
0.05 -0.9 -0.8
0.05 -0.9 -0.7
0.05 -0.9 -0.6
0.05 -0.9 -0.5
0.05 -0.9 -0.4
0.05 -0.9 -0.3
0.05 -0.9 -0.2
0.05 -0.9 -0.1
0.05 -0.9 0
0.05 -0.9 0.1
0.05 -0.9 0.2
0.05 -0.9 0.3
0.05 -0.9 0.4
0.05 -0.9 0.5
0.05 -0.9 0.6
0.05 -0.9 0.7
0.05 -0.9 0.8
0.05 -0.9 0.9
0.05 -0.9 1
0.05 -0.8 -1
0.05 -0.8 -0.9
0.05 -0.8 -0.8
0.05 -0.8 -0.7
0.05 -0.8 -0.6
0.05 -0.8 -0.5
0.05 -0.8 -0.4
0.05 -0.8 -0.3
0.05 -0.8 -0.2
0.05 -0.8 -0.1
0.05 -0.8 0
0.05 -0.8 0.1
0.05 -0.8 0.2
0.05 -0.8 0.3
0.05 -0.8 0.4
0.05 -0.8 0.5
0.05 -0.8 0.6
0.05 -0.8 0.7
0.05 -0.8 0.8
0.05 -0.8 0.9
0.05 -0.8 1
0.05 -0.7 -1
0.05 -0.7 -0.9
0.05 -0.7 -0.8
0.05 -0.7 -0.7
0.05 -0.7 -0.6
0.05 -0.7 -0.5
0.05 -0.7 -0.4
0.05 -0.7 -0.3
0.05 -0.7 -0.2
0.05 -0.7 -0.1
0.05 -0.7 0
0.05 -0.7 0.1
0.05 -0.7 0.2
0.05 -0.7 0.3
0.05 -0.7 0.4
0.05 -0.7 0.5
0.05 -0.7 0.6
0.05 -0.7 0.7
0.05 -0.7 0.8
0.05 -0.7 0.9
0.05 -0.7 1
0.05 -0.6 -1
0.05 -0.6 -0.9
0.05 -0.6 -0.8
0.05 -0.6 -0.7
0.05 -0.6 -0.6
0.05 -0.6 -0.5
0.05 -0.6 -0.4
0.05 -0.6 -0.3
0.05 -0.6 -0.2
0.05 -0.6 -0.1
0.05 -0.6 0
0.05 -0.6 0.1
0.05 -0.6 0.2
0.05 -0.6 0.3
0.05 -0.6 0.4
0.05 -0.6 0.5
0.05 -0.6 0.6
0.05 -0.6 0.7
0.05 -0.6 0.8
0.05 -0.6 0.9
0.05 -0.6 1
0.05 -0.5 -1
0.05 -0.5 -0.9
0.05 -0.5 -0.8
0.05 -0.5 -0.7
0.05 -0.5 -0.6
0.05 -0.5 -0.5
0.05 -0.5 -0.4
0.05 -0.5 -0.3
0.05 -0.5 -0.2
0.05 -0.5 -0.1
0.05 -0.5 0
0.05 -0.5 0.1
0.05 -0.5 0.2
0.05 -0.5 0.3
0.05 -0.5 0.4
0.05 -0.5 0.5
0.05 -0.5 0.6
0.05 -0.5 0.7
0.05 -0.5 0.8
0.05 -0.5 0.9
0.05 -0.5 1
0.05 -0.4 -1
0.05 -0.4 -0.9
0.05 -0.4 -0.8
0.05 -0.4 -0.7
0.05 -0.4 -0.6
0.05 -0.4 -0.5
0.05 -0.4 -0.4
0.05 -0.4 -0.3
0.05 -0.4 -0.2
0.05 -0.4 -0.1
0.05 -0.4 0
0.05 -0.4 0.1
0.05 -0.4 0.2
0.05 -0.4 0.3
0.05 -0.4 0.4
0.05 -0.4 0.5
0.05 -0.4 0.6
0.05 -0.4 0.7
0.05 -0.4 0.8
0.05 -0.4 0.9
0.05 -0.4 1
0.05 -0.3 -1
0.05 -0.3 -0.9
0.05 -0.3 -0.8
0.05 -0.3 -0.7
0.05 -0.3 -0.6
0.05 -0.3 -0.5
0.05 -0.3 -0.4
0.05 -0.3 -0.3
0.05 -0.3 -0.2
0.05 -0.3 -0.1
0.05 -0.3 0
0.05 -0.3 0.1
0.05 -0.3 0.2
0.05 -0.3 0.3
0.05 -0.3 0.4
0.05 -0.3 0.5
0.05 -0.3 0.6
0.05 -0.3 0.7
0.05 -0.3 0.8
0.05 -0.3 0.9
0.05 -0.3 1
0.05 -0.2 -1
0.05 -0.2 -0.9
0.05 -0.2 -0.8
0.05 -0.2 -0.7
0.05 -0.2 -0.6
0.05 -0.2 -0.5
0.05 -0.2 -0.4
0.05 -0.2 -0.3
0.05 -0.2 -0.2
0.05 -0.2 -0.1
0.05 -0.2 0
0.05 -0.2 0.1
0.05 -0.2 0.2
0.05 -0.2 0.3
0.05 -0.2 0.4
0.05 -0.2 0.5
0.05 -0.2 0.6
0.05 -0.2 0.7
0.05 -0.2 0.8
0.05 -0.2 0.9
0.05 -0.2 1
0.05 -0.1 -1
0.05 -0.1 -0.9
0.05 -0.1 -0.8
0.05 -0.1 -0.7
0.05 -0.1 -0.6
0.05 -0.1 -0.5
0.05 -0.1 -0.4
0.05 -0.1 -0.3
0.05 -0.1 -0.2
0.05 -0.1 -0.1
0.05 -0.1 0
0.05 -0.1 0.1
0.05 -0.1 0.2
0.05 -0.1 0.3
0.05 -0.1 0.4
0.05 -0.1 0.5
0.05 -0.1 0.6
0.05 -0.1 0.7
0.05 -0.1 0.8
0.05 -0.1 0.9
0.05 -0.1 1
0.05 0 -1
0.05 0 -0.9
0.05 0 -0.8
0.05 0 -0.7
0.05 0 -0.6
0.05 0 -0.5
0.05 0 -0.4
0.05 0 -0.3
0.05 0 -0.2
0.05 0 -0.1
0.05 0 0
0.05 0 0.1
0.05 0 0.2
0.05 0 0.3
0.05 0 0.4
0.05 0 0.5
0.05 0 0.6
0.05 0 0.7
0.05 0 0.8
0.05 0 0.9
0.05 0 1
0.05 0.1 -1
0.05 0.1 -0.9
0.05 0.1 -0.8
0.05 0.1 -0.7
0.05 0.1 -0.6
0.05 0.1 -0.5
0.05 0.1 -0.4
0.05 0.1 -0.3
0.05 0.1 -0.2
0.05 0.1 -0.1
0.05 0.1 0
0.05 0.1 0.1
0.05 0.1 0.2
0.05 0.1 0.3
0.05 0.1 0.4
0.05 0.1 0.5
0.05 0.1 0.6
0.05 0.1 0.7
0.05 0.1 0.8
0.05 0.1 0.9
0.05 0.1 1
0.05 0.2 -1
0.05 0.2 -0.9
0.05 0.2 -0.8
0.05 0.2 -0.7
0.05 0.2 -0.6
0.05 0.2 -0.5
0.05 0.2 -0.4
0.05 0.2 -0.3
0.05 0.2 -0.2
0.05 0.2 -0.1
0.05 0.2 0
0.05 0.2 0.1
0.05 0.2 0.2
0.05 0.2 0.3
0.05 0.2 0.4
0.05 0.2 0.5
0.05 0.2 0.6
0.05 0.2 0.7
0.05 0.2 0.8
0.05 0.2 0.9
0.05 0.2 1
0.05 0.3 -1
0.05 0.3 -0.9
0.05 0.3 -0.8
0.05 0.3 -0.7
0.05 0.3 -0.6
0.05 0.3 -0.5
0.05 0.3 -0.4
0.05 0.3 -0.3
0.05 0.3 -0.2
0.05 0.3 -0.1
0.05 0.3 0
0.05 0.3 0.1
0.05 0.3 0.2
0.05 0.3 0.3
0.05 0.3 0.4
0.05 0.3 0.5
0.05 0.3 0.6
0.05 0.3 0.7
0.05 0.3 0.8
0.05 0.3 0.9
0.05 0.3 1
0.05 0.4 -1
0.05 0.4 -0.9
0.05 0.4 -0.8
0.05 0.4 -0.7
0.05 0.4 -0.6
0.05 0.4 -0.5
0.05 0.4 -0.4
0.05 0.4 -0.3
0.05 0.4 -0.2
0.05 0.4 -0.1
0.05 0.4 0
0.05 0.4 0.1
0.05 0.4 0.2
0.05 0.4 0.3
0.05 0.4 0.4
0.05 0.4 0.5
0.05 0.4 0.6
0.05 0.4 0.7
0.05 0.4 0.8
0.05 0.4 0.9
0.05 0.4 1
0.05 0.5 -1
0.05 0.5 -0.9
0.05 0.5 -0.8
0.05 0.5 -0.7
0.05 0.5 -0.6
0.05 0.5 -0.5
0.05 0.5 -0.4
0.05 0.5 -0.3
0.05 0.5 -0.2
0.05 0.5 -0.1
0.05 0.5 0
0.05 0.5 0.1
0.05 0.5 0.2
0.05 0.5 0.3
0.05 0.5 0.4
0.05 0.5 0.5
0.05 0.5 0.6
0.05 0.5 0.7
0.05 0.5 0.8
0.05 0.5 0.9
0.05 0.5 1
0.05 0.6 -1
0.05 0.6 -0.9
0.05 0.6 -0.8
0.05 0.6 -0.7
0.05 0.6 -0.6
0.05 0.6 -0.5
0.05 0.6 -0.4
0.05 0.6 -0.3
0.05 0.6 -0.2
0.05 0.6 -0.1
0.05 0.6 0
0.05 0.6 0.1
0.05 0.6 0.2
0.05 0.6 0.3
0.05 0.6 0.4
0.05 0.6 0.5
0.05 0.6 0.6
0.05 0.6 0.7
0.05 0.6 0.8
0.05 0.6 0.9
0.05 0.6 1
0.05 0.7 -1
0.05 0.7 -0.9
0.05 0.7 -0.8
0.05 0.7 -0.7
0.05 0.7 -0.6
0.05 0.7 -0.5
0.05 0.7 -0.4
0.05 0.7 -0.3
0.05 0.7 -0.2
0.05 0.7 -0.1
0.05 0.7 0
0.05 0.7 0.1
0.05 0.7 0.2
0.05 0.7 0.3
0.05 0.7 0.4
0.05 0.7 0.5
0.05 0.7 0.6
0.05 0.7 0.7
0.05 0.7 0.8
0.05 0.7 0.9
0.05 0.7 1
0.05 0.8 -1
0.05 0.8 -0.9
0.05 0.8 -0.8
0.05 0.8 -0.7
0.05 0.8 -0.6
0.05 0.8 -0.5
0.05 0.8 -0.4
0.05 0.8 -0.3
0.05 0.8 -0.2
0.05 0.8 -0.1
0.05 0.8 0
0.05 0.8 0.1
0.05 0.8 0.2
0.05 0.8 0.3
0.05 0.8 0.4
0.05 0.8 0.5
0.05 0.8 0.6
0.05 0.8 0.7
0.05 0.8 0.8
0.05 0.8 0.9
0.05 0.8 1
0.05 0.9 -1
0.05 0.9 -0.9
0.05 0.9 -0.8
0.05 0.9 -0.7
0.05 0.9 -0.6
0.05 0.9 -0.5
0.05 0.9 -0.4
0.05 0.9 -0.3
0.05 0.9 -0.2
0.05 0.9 -0.1
0.05 0.9 0
0.05 0.9 0.1
0.05 0.9 0.2
0.05 0.9 0.3
0.05 0.9 0.4
0.05 0.9 0.5
0.05 0.9 0.6
0.05 0.9 0.7
0.05 0.9 0.8
0.05 0.9 0.9
0.05 0.9 1
0.05 1 -1
0.05 1 -0.9
0.05 1 -0.8
0.05 1 -0.7
0.05 1 -0.6
0.05 1 -0.5
0.05 1 -0.4
0.05 1 -0.3
0.05 1 -0.2
0.05 1 -0.1
0.05 1 0
0.05 1 0.1
0.05 1 0.2
0.05 1 0.3
0.05 1 0.4
0.05 1 0.5
0.05 1 0.6
0.05 1 0.7
0.05 1 0.8
0.05 1 0.9
0.05 1 1
0.06 -1 -1
0.06 -1 -0.9
0.06 -1 -0.8
0.06 -1 -0.7
0.06 -1 -0.6
0.06 -1 -0.5
0.06 -1 -0.4
0.06 -1 -0.3
0.06 -1 -0.2
0.06 -1 -0.1
0.06 -1 0
0.06 -1 0.1
0.06 -1 0.2
0.06 -1 0.3
0.06 -1 0.4
0.06 -1 0.5
0.06 -1 0.6
0.06 -1 0.7
0.06 -1 0.8
0.06 -1 0.9
0.06 -1 1
0.06 -0.9 -1
0.06 -0.9 -0.9
0.06 -0.9 -0.8
0.06 -0.9 -0.7
0.06 -0.9 -0.6
0.06 -0.9 -0.5
0.06 -0.9 -0.4
0.06 -0.9 -0.3
0.06 -0.9 -0.2
0.06 -0.9 -0.1
0.06 -0.9 0
0.06 -0.9 0.1
0.06 -0.9 0.2
0.06 -0.9 0.3
0.06 -0.9 0.4
0.06 -0.9 0.5
0.06 -0.9 0.6
0.06 -0.9 0.7
0.06 -0.9 0.8
0.06 -0.9 0.9
0.06 -0.9 1
0.06 -0.8 -1
0.06 -0.8 -0.9
0.06 -0.8 -0.8
0.06 -0.8 -0.7
0.06 -0.8 -0.6
0.06 -0.8 -0.5
0.06 -0.8 -0.4
0.06 -0.8 -0.3
0.06 -0.8 -0.2
0.06 -0.8 -0.1
0.06 -0.8 0
0.06 -0.8 0.1
0.06 -0.8 0.2
0.06 -0.8 0.3
0.06 -0.8 0.4
0.06 -0.8 0.5
0.06 -0.8 0.6
0.06 -0.8 0.7
0.06 -0.8 0.8
0.06 -0.8 0.9
0.06 -0.8 1
0.06 -0.7 -1
0.06 -0.7 -0.9
0.06 -0.7 -0.8
0.06 -0.7 -0.7
0.06 -0.7 -0.6
0.06 -0.7 -0.5
0.06 -0.7 -0.4
0.06 -0.7 -0.3
0.06 -0.7 -0.2
0.06 -0.7 -0.1
0.06 -0.7 0
0.06 -0.7 0.1
0.06 -0.7 0.2
0.06 -0.7 0.3
0.06 -0.7 0.4
0.06 -0.7 0.5
0.06 -0.7 0.6
0.06 -0.7 0.7
0.06 -0.7 0.8
0.06 -0.7 0.9
0.06 -0.7 1
0.06 -0.6 -1
0.06 -0.6 -0.9
0.06 -0.6 -0.8
0.06 -0.6 -0.7
0.06 -0.6 -0.6
0.06 -0.6 -0.5
0.06 -0.6 -0.4
0.06 -0.6 -0.3
0.06 -0.6 -0.2
0.06 -0.6 -0.1
0.06 -0.6 0
0.06 -0.6 0.1
0.06 -0.6 0.2
0.06 -0.6 0.3
0.06 -0.6 0.4
0.06 -0.6 0.5
0.06 -0.6 0.6
0.06 -0.6 0.7
0.06 -0.6 0.8
0.06 -0.6 0.9
0.06 -0.6 1
0.06 -0.5 -1
0.06 -0.5 -0.9
0.06 -0.5 -0.8
0.06 -0.5 -0.7
0.06 -0.5 -0.6
0.06 -0.5 -0.5
0.06 -0.5 -0.4
0.06 -0.5 -0.3
0.06 -0.5 -0.2
0.06 -0.5 -0.1
0.06 -0.5 0
0.06 -0.5 0.1
0.06 -0.5 0.2
0.06 -0.5 0.3
0.06 -0.5 0.4
0.06 -0.5 0.5
0.06 -0.5 0.6
0.06 -0.5 0.7
0.06 -0.5 0.8
0.06 -0.5 0.9
0.06 -0.5 1
0.06 -0.4 -1
0.06 -0.4 -0.9
0.06 -0.4 -0.8
0.06 -0.4 -0.7
0.06 -0.4 -0.6
0.06 -0.4 -0.5
0.06 -0.4 -0.4
0.06 -0.4 -0.3
0.06 -0.4 -0.2
0.06 -0.4 -0.1
0.06 -0.4 0
0.06 -0.4 0.1
0.06 -0.4 0.2
0.06 -0.4 0.3
0.06 -0.4 0.4
0.06 -0.4 0.5
0.06 -0.4 0.6
0.06 -0.4 0.7
0.06 -0.4 0.8
0.06 -0.4 0.9
0.06 -0.4 1
0.06 -0.3 -1
0.06 -0.3 -0.9
0.06 -0.3 -0.8
0.06 -0.3 -0.7
0.06 -0.3 -0.6
0.06 -0.3 -0.5
0.06 -0.3 -0.4
0.06 -0.3 -0.3
0.06 -0.3 -0.2
0.06 -0.3 -0.1
0.06 -0.3 0
0.06 -0.3 0.1
0.06 -0.3 0.2
0.06 -0.3 0.3
0.06 -0.3 0.4
0.06 -0.3 0.5
0.06 -0.3 0.6
0.06 -0.3 0.7
0.06 -0.3 0.8
0.06 -0.3 0.9
0.06 -0.3 1
0.06 -0.2 -1
0.06 -0.2 -0.9
0.06 -0.2 -0.8
0.06 -0.2 -0.7
0.06 -0.2 -0.6
0.06 -0.2 -0.5
0.06 -0.2 -0.4
0.06 -0.2 -0.3
0.06 -0.2 -0.2
0.06 -0.2 -0.1
0.06 -0.2 0
0.06 -0.2 0.1
0.06 -0.2 0.2
0.06 -0.2 0.3
0.06 -0.2 0.4
0.06 -0.2 0.5
0.06 -0.2 0.6
0.06 -0.2 0.7
0.06 -0.2 0.8
0.06 -0.2 0.9
0.06 -0.2 1
0.06 -0.1 -1
0.06 -0.1 -0.9
0.06 -0.1 -0.8
0.06 -0.1 -0.7
0.06 -0.1 -0.6
0.06 -0.1 -0.5
0.06 -0.1 -0.4
0.06 -0.1 -0.3
0.06 -0.1 -0.2
0.06 -0.1 -0.1
0.06 -0.1 0
0.06 -0.1 0.1
0.06 -0.1 0.2
0.06 -0.1 0.3
0.06 -0.1 0.4
0.06 -0.1 0.5
0.06 -0.1 0.6
0.06 -0.1 0.7
0.06 -0.1 0.8
0.06 -0.1 0.9
0.06 -0.1 1
0.06 0 -1
0.06 0 -0.9
0.06 0 -0.8
0.06 0 -0.7
0.06 0 -0.6
0.06 0 -0.5
0.06 0 -0.4
0.06 0 -0.3
0.06 0 -0.2
0.06 0 -0.1
0.06 0 0
0.06 0 0.1
0.06 0 0.2
0.06 0 0.3
0.06 0 0.4
0.06 0 0.5
0.06 0 0.6
0.06 0 0.7
0.06 0 0.8
0.06 0 0.9
0.06 0 1
0.06 0.1 -1
0.06 0.1 -0.9
0.06 0.1 -0.8
0.06 0.1 -0.7
0.06 0.1 -0.6
0.06 0.1 -0.5
0.06 0.1 -0.4
0.06 0.1 -0.3
0.06 0.1 -0.2
0.06 0.1 -0.1
0.06 0.1 0
0.06 0.1 0.1
0.06 0.1 0.2
0.06 0.1 0.3
0.06 0.1 0.4
0.06 0.1 0.5
0.06 0.1 0.6
0.06 0.1 0.7
0.06 0.1 0.8
0.06 0.1 0.9
0.06 0.1 1
0.06 0.2 -1
0.06 0.2 -0.9
0.06 0.2 -0.8
0.06 0.2 -0.7
0.06 0.2 -0.6
0.06 0.2 -0.5
0.06 0.2 -0.4
0.06 0.2 -0.3
0.06 0.2 -0.2
0.06 0.2 -0.1
0.06 0.2 0
0.06 0.2 0.1
0.06 0.2 0.2
0.06 0.2 0.3
0.06 0.2 0.4
0.06 0.2 0.5
0.06 0.2 0.6
0.06 0.2 0.7
0.06 0.2 0.8
0.06 0.2 0.9
0.06 0.2 1
0.06 0.3 -1
0.06 0.3 -0.9
0.06 0.3 -0.8
0.06 0.3 -0.7
0.06 0.3 -0.6
0.06 0.3 -0.5
0.06 0.3 -0.4
0.06 0.3 -0.3
0.06 0.3 -0.2
0.06 0.3 -0.1
0.06 0.3 0
0.06 0.3 0.1
0.06 0.3 0.2
0.06 0.3 0.3
0.06 0.3 0.4
0.06 0.3 0.5
0.06 0.3 0.6
0.06 0.3 0.7
0.06 0.3 0.8
0.06 0.3 0.9
0.06 0.3 1
0.06 0.4 -1
0.06 0.4 -0.9
0.06 0.4 -0.8
0.06 0.4 -0.7
0.06 0.4 -0.6
0.06 0.4 -0.5
0.06 0.4 -0.4
0.06 0.4 -0.3
0.06 0.4 -0.2
0.06 0.4 -0.1
0.06 0.4 0
0.06 0.4 0.1
0.06 0.4 0.2
0.06 0.4 0.3
0.06 0.4 0.4
0.06 0.4 0.5
0.06 0.4 0.6
0.06 0.4 0.7
0.06 0.4 0.8
0.06 0.4 0.9
0.06 0.4 1
0.06 0.5 -1
0.06 0.5 -0.9
0.06 0.5 -0.8
0.06 0.5 -0.7
0.06 0.5 -0.6
0.06 0.5 -0.5
0.06 0.5 -0.4
0.06 0.5 -0.3
0.06 0.5 -0.2
0.06 0.5 -0.1
0.06 0.5 0
0.06 0.5 0.1
0.06 0.5 0.2
0.06 0.5 0.3
0.06 0.5 0.4
0.06 0.5 0.5
0.06 0.5 0.6
0.06 0.5 0.7
0.06 0.5 0.8
0.06 0.5 0.9
0.06 0.5 1
0.06 0.6 -1
0.06 0.6 -0.9
0.06 0.6 -0.8
0.06 0.6 -0.7
0.06 0.6 -0.6
0.06 0.6 -0.5
0.06 0.6 -0.4
0.06 0.6 -0.3
0.06 0.6 -0.2
0.06 0.6 -0.1
0.06 0.6 0
0.06 0.6 0.1
0.06 0.6 0.2
0.06 0.6 0.3
0.06 0.6 0.4
0.06 0.6 0.5
0.06 0.6 0.6
0.06 0.6 0.7
0.06 0.6 0.8
0.06 0.6 0.9
0.06 0.6 1
0.06 0.7 -1
0.06 0.7 -0.9
0.06 0.7 -0.8
0.06 0.7 -0.7
0.06 0.7 -0.6
0.06 0.7 -0.5
0.06 0.7 -0.4
0.06 0.7 -0.3
0.06 0.7 -0.2
0.06 0.7 -0.1
0.06 0.7 0
0.06 0.7 0.1
0.06 0.7 0.2
0.06 0.7 0.3
0.06 0.7 0.4
0.06 0.7 0.5
0.06 0.7 0.6
0.06 0.7 0.7
0.06 0.7 0.8
0.06 0.7 0.9
0.06 0.7 1
0.06 0.8 -1
0.06 0.8 -0.9
0.06 0.8 -0.8
0.06 0.8 -0.7
0.06 0.8 -0.6
0.06 0.8 -0.5
0.06 0.8 -0.4
0.06 0.8 -0.3
0.06 0.8 -0.2
0.06 0.8 -0.1
0.06 0.8 0
0.06 0.8 0.1
0.06 0.8 0.2
0.06 0.8 0.3
0.06 0.8 0.4
0.06 0.8 0.5
0.06 0.8 0.6
0.06 0.8 0.7
0.06 0.8 0.8
0.06 0.8 0.9
0.06 0.8 1
0.06 0.9 -1
0.06 0.9 -0.9
0.06 0.9 -0.8
0.06 0.9 -0.7
0.06 0.9 -0.6
0.06 0.9 -0.5
0.06 0.9 -0.4
0.06 0.9 -0.3
0.06 0.9 -0.2
0.06 0.9 -0.1
0.06 0.9 0
0.06 0.9 0.1
0.06 0.9 0.2
0.06 0.9 0.3
0.06 0.9 0.4
0.06 0.9 0.5
0.06 0.9 0.6
0.06 0.9 0.7
0.06 0.9 0.8
0.06 0.9 0.9
0.06 0.9 1
0.06 1 -1
0.06 1 -0.9
0.06 1 -0.8
0.06 1 -0.7
0.06 1 -0.6
0.06 1 -0.5
0.06 1 -0.4
0.06 1 -0.3
0.06 1 -0.2
0.06 1 -0.1
0.06 1 0
0.06 1 0.1
0.06 1 0.2
0.06 1 0.3
0.06 1 0.4
0.06 1 0.5
0.06 1 0.6
0.06 1 0.7
0.06 1 0.8
0.06 1 0.9
0.06 1 1
0.07 -1 -1
0.07 -1 -0.9
0.07 -1 -0.8
0.07 -1 -0.7
0.07 -1 -0.6
0.07 -1 -0.5
0.07 -1 -0.4
0.07 -1 -0.3
0.07 -1 -0.2
0.07 -1 -0.1
0.07 -1 0
0.07 -1 0.1
0.07 -1 0.2
0.07 -1 0.3
0.07 -1 0.4
0.07 -1 0.5
0.07 -1 0.6
0.07 -1 0.7
0.07 -1 0.8
0.07 -1 0.9
0.07 -1 1
0.07 -0.9 -1
0.07 -0.9 -0.9
0.07 -0.9 -0.8
0.07 -0.9 -0.7
0.07 -0.9 -0.6
0.07 -0.9 -0.5
0.07 -0.9 -0.4
0.07 -0.9 -0.3
0.07 -0.9 -0.2
0.07 -0.9 -0.1
0.07 -0.9 0
0.07 -0.9 0.1
0.07 -0.9 0.2
0.07 -0.9 0.3
0.07 -0.9 0.4
0.07 -0.9 0.5
0.07 -0.9 0.6
0.07 -0.9 0.7
0.07 -0.9 0.8
0.07 -0.9 0.9
0.07 -0.9 1
0.07 -0.8 -1
0.07 -0.8 -0.9
0.07 -0.8 -0.8
0.07 -0.8 -0.7
0.07 -0.8 -0.6
0.07 -0.8 -0.5
0.07 -0.8 -0.4
0.07 -0.8 -0.3
0.07 -0.8 -0.2
0.07 -0.8 -0.1
0.07 -0.8 0
0.07 -0.8 0.1
0.07 -0.8 0.2
0.07 -0.8 0.3
0.07 -0.8 0.4
0.07 -0.8 0.5
0.07 -0.8 0.6
0.07 -0.8 0.7
0.07 -0.8 0.8
0.07 -0.8 0.9
0.07 -0.8 1
0.07 -0.7 -1
0.07 -0.7 -0.9
0.07 -0.7 -0.8
0.07 -0.7 -0.7
0.07 -0.7 -0.6
0.07 -0.7 -0.5
0.07 -0.7 -0.4
0.07 -0.7 -0.3
0.07 -0.7 -0.2
0.07 -0.7 -0.1
0.07 -0.7 0
0.07 -0.7 0.1
0.07 -0.7 0.2
0.07 -0.7 0.3
0.07 -0.7 0.4
0.07 -0.7 0.5
0.07 -0.7 0.6
0.07 -0.7 0.7
0.07 -0.7 0.8
0.07 -0.7 0.9
0.07 -0.7 1
0.07 -0.6 -1
0.07 -0.6 -0.9
0.07 -0.6 -0.8
0.07 -0.6 -0.7
0.07 -0.6 -0.6
0.07 -0.6 -0.5
0.07 -0.6 -0.4
0.07 -0.6 -0.3
0.07 -0.6 -0.2
0.07 -0.6 -0.1
0.07 -0.6 0
0.07 -0.6 0.1
0.07 -0.6 0.2
0.07 -0.6 0.3
0.07 -0.6 0.4
0.07 -0.6 0.5
0.07 -0.6 0.6
0.07 -0.6 0.7
0.07 -0.6 0.8
0.07 -0.6 0.9
0.07 -0.6 1
0.07 -0.5 -1
0.07 -0.5 -0.9
0.07 -0.5 -0.8
0.07 -0.5 -0.7
0.07 -0.5 -0.6
0.07 -0.5 -0.5
0.07 -0.5 -0.4
0.07 -0.5 -0.3
0.07 -0.5 -0.2
0.07 -0.5 -0.1
0.07 -0.5 0
0.07 -0.5 0.1
0.07 -0.5 0.2
0.07 -0.5 0.3
0.07 -0.5 0.4
0.07 -0.5 0.5
0.07 -0.5 0.6
0.07 -0.5 0.7
0.07 -0.5 0.8
0.07 -0.5 0.9
0.07 -0.5 1
0.07 -0.4 -1
0.07 -0.4 -0.9
0.07 -0.4 -0.8
0.07 -0.4 -0.7
0.07 -0.4 -0.6
0.07 -0.4 -0.5
0.07 -0.4 -0.4
0.07 -0.4 -0.3
0.07 -0.4 -0.2
0.07 -0.4 -0.1
0.07 -0.4 0
0.07 -0.4 0.1
0.07 -0.4 0.2
0.07 -0.4 0.3
0.07 -0.4 0.4
0.07 -0.4 0.5
0.07 -0.4 0.6
0.07 -0.4 0.7
0.07 -0.4 0.8
0.07 -0.4 0.9
0.07 -0.4 1
0.07 -0.3 -1
0.07 -0.3 -0.9
0.07 -0.3 -0.8
0.07 -0.3 -0.7
0.07 -0.3 -0.6
0.07 -0.3 -0.5
0.07 -0.3 -0.4
0.07 -0.3 -0.3
0.07 -0.3 -0.2
0.07 -0.3 -0.1
0.07 -0.3 0
0.07 -0.3 0.1
0.07 -0.3 0.2
0.07 -0.3 0.3
0.07 -0.3 0.4
0.07 -0.3 0.5
0.07 -0.3 0.6
0.07 -0.3 0.7
0.07 -0.3 0.8
0.07 -0.3 0.9
0.07 -0.3 1
0.07 -0.2 -1
0.07 -0.2 -0.9
0.07 -0.2 -0.8
0.07 -0.2 -0.7
0.07 -0.2 -0.6
0.07 -0.2 -0.5
0.07 -0.2 -0.4
0.07 -0.2 -0.3
0.07 -0.2 -0.2
0.07 -0.2 -0.1
0.07 -0.2 0
0.07 -0.2 0.1
0.07 -0.2 0.2
0.07 -0.2 0.3
0.07 -0.2 0.4
0.07 -0.2 0.5
0.07 -0.2 0.6
0.07 -0.2 0.7
0.07 -0.2 0.8
0.07 -0.2 0.9
0.07 -0.2 1
0.07 -0.1 -1
0.07 -0.1 -0.9
0.07 -0.1 -0.8
0.07 -0.1 -0.7
0.07 -0.1 -0.6
0.07 -0.1 -0.5
0.07 -0.1 -0.4
0.07 -0.1 -0.3
0.07 -0.1 -0.2
0.07 -0.1 -0.1
0.07 -0.1 0
0.07 -0.1 0.1
0.07 -0.1 0.2
0.07 -0.1 0.3
0.07 -0.1 0.4
0.07 -0.1 0.5
0.07 -0.1 0.6
0.07 -0.1 0.7
0.07 -0.1 0.8
0.07 -0.1 0.9
0.07 -0.1 1
0.07 0 -1
0.07 0 -0.9
0.07 0 -0.8
0.07 0 -0.7
0.07 0 -0.6
0.07 0 -0.5
0.07 0 -0.4
0.07 0 -0.3
0.07 0 -0.2
0.07 0 -0.1
0.07 0 0
0.07 0 0.1
0.07 0 0.2
0.07 0 0.3
0.07 0 0.4
0.07 0 0.5
0.07 0 0.6
0.07 0 0.7
0.07 0 0.8
0.07 0 0.9
0.07 0 1
0.07 0.1 -1
0.07 0.1 -0.9
0.07 0.1 -0.8
0.07 0.1 -0.7
0.07 0.1 -0.6
0.07 0.1 -0.5
0.07 0.1 -0.4
0.07 0.1 -0.3
0.07 0.1 -0.2
0.07 0.1 -0.1
0.07 0.1 0
0.07 0.1 0.1
0.07 0.1 0.2
0.07 0.1 0.3
0.07 0.1 0.4
0.07 0.1 0.5
0.07 0.1 0.6
0.07 0.1 0.7
0.07 0.1 0.8
0.07 0.1 0.9
0.07 0.1 1
0.07 0.2 -1
0.07 0.2 -0.9
0.07 0.2 -0.8
0.07 0.2 -0.7
0.07 0.2 -0.6
0.07 0.2 -0.5
0.07 0.2 -0.4
0.07 0.2 -0.3
0.07 0.2 -0.2
0.07 0.2 -0.1
0.07 0.2 0
0.07 0.2 0.1
0.07 0.2 0.2
0.07 0.2 0.3
0.07 0.2 0.4
0.07 0.2 0.5
0.07 0.2 0.6
0.07 0.2 0.7
0.07 0.2 0.8
0.07 0.2 0.9
0.07 0.2 1
0.07 0.3 -1
0.07 0.3 -0.9
0.07 0.3 -0.8
0.07 0.3 -0.7
0.07 0.3 -0.6
0.07 0.3 -0.5
0.07 0.3 -0.4
0.07 0.3 -0.3
0.07 0.3 -0.2
0.07 0.3 -0.1
0.07 0.3 0
0.07 0.3 0.1
0.07 0.3 0.2
0.07 0.3 0.3
0.07 0.3 0.4
0.07 0.3 0.5
0.07 0.3 0.6
0.07 0.3 0.7
0.07 0.3 0.8
0.07 0.3 0.9
0.07 0.3 1
0.07 0.4 -1
0.07 0.4 -0.9
0.07 0.4 -0.8
0.07 0.4 -0.7
0.07 0.4 -0.6
0.07 0.4 -0.5
0.07 0.4 -0.4
0.07 0.4 -0.3
0.07 0.4 -0.2
0.07 0.4 -0.1
0.07 0.4 0
0.07 0.4 0.1
0.07 0.4 0.2
0.07 0.4 0.3
0.07 0.4 0.4
0.07 0.4 0.5
0.07 0.4 0.6
0.07 0.4 0.7
0.07 0.4 0.8
0.07 0.4 0.9
0.07 0.4 1
0.07 0.5 -1
0.07 0.5 -0.9
0.07 0.5 -0.8
0.07 0.5 -0.7
0.07 0.5 -0.6
0.07 0.5 -0.5
0.07 0.5 -0.4
0.07 0.5 -0.3
0.07 0.5 -0.2
0.07 0.5 -0.1
0.07 0.5 0
0.07 0.5 0.1
0.07 0.5 0.2
0.07 0.5 0.3
0.07 0.5 0.4
0.07 0.5 0.5
0.07 0.5 0.6
0.07 0.5 0.7
0.07 0.5 0.8
0.07 0.5 0.9
0.07 0.5 1
0.07 0.6 -1
0.07 0.6 -0.9
0.07 0.6 -0.8
0.07 0.6 -0.7
0.07 0.6 -0.6
0.07 0.6 -0.5
0.07 0.6 -0.4
0.07 0.6 -0.3
0.07 0.6 -0.2
0.07 0.6 -0.1
0.07 0.6 0
0.07 0.6 0.1
0.07 0.6 0.2
0.07 0.6 0.3
0.07 0.6 0.4
0.07 0.6 0.5
0.07 0.6 0.6
0.07 0.6 0.7
0.07 0.6 0.8
0.07 0.6 0.9
0.07 0.6 1
0.07 0.7 -1
0.07 0.7 -0.9
0.07 0.7 -0.8
0.07 0.7 -0.7
0.07 0.7 -0.6
0.07 0.7 -0.5
0.07 0.7 -0.4
0.07 0.7 -0.3
0.07 0.7 -0.2
0.07 0.7 -0.1
0.07 0.7 0
0.07 0.7 0.1
0.07 0.7 0.2
0.07 0.7 0.3
0.07 0.7 0.4
0.07 0.7 0.5
0.07 0.7 0.6
0.07 0.7 0.7
0.07 0.7 0.8
0.07 0.7 0.9
0.07 0.7 1
0.07 0.8 -1
0.07 0.8 -0.9
0.07 0.8 -0.8
0.07 0.8 -0.7
0.07 0.8 -0.6
0.07 0.8 -0.5
0.07 0.8 -0.4
0.07 0.8 -0.3
0.07 0.8 -0.2
0.07 0.8 -0.1
0.07 0.8 0
0.07 0.8 0.1
0.07 0.8 0.2
0.07 0.8 0.3
0.07 0.8 0.4
0.07 0.8 0.5
0.07 0.8 0.6
0.07 0.8 0.7
0.07 0.8 0.8
0.07 0.8 0.9
0.07 0.8 1
0.07 0.9 -1
0.07 0.9 -0.9
0.07 0.9 -0.8
0.07 0.9 -0.7
0.07 0.9 -0.6
0.07 0.9 -0.5
0.07 0.9 -0.4
0.07 0.9 -0.3
0.07 0.9 -0.2
0.07 0.9 -0.1
0.07 0.9 0
0.07 0.9 0.1
0.07 0.9 0.2
0.07 0.9 0.3
0.07 0.9 0.4
0.07 0.9 0.5
0.07 0.9 0.6
0.07 0.9 0.7
0.07 0.9 0.8
0.07 0.9 0.9
0.07 0.9 1
0.07 1 -1
0.07 1 -0.9
0.07 1 -0.8
0.07 1 -0.7
0.07 1 -0.6
0.07 1 -0.5
0.07 1 -0.4
0.07 1 -0.3
0.07 1 -0.2
0.07 1 -0.1
0.07 1 0
0.07 1 0.1
0.07 1 0.2
0.07 1 0.3
0.07 1 0.4
0.07 1 0.5
0.07 1 0.6
0.07 1 0.7
0.07 1 0.8
0.07 1 0.9
0.07 1 1
0.08 -1 -1
0.08 -1 -0.9
0.08 -1 -0.8
0.08 -1 -0.7
0.08 -1 -0.6
0.08 -1 -0.5
0.08 -1 -0.4
0.08 -1 -0.3
0.08 -1 -0.2
0.08 -1 -0.1
0.08 -1 0
0.08 -1 0.1
0.08 -1 0.2
0.08 -1 0.3
0.08 -1 0.4
0.08 -1 0.5
0.08 -1 0.6
0.08 -1 0.7
0.08 -1 0.8
0.08 -1 0.9
0.08 -1 1
0.08 -0.9 -1
0.08 -0.9 -0.9
0.08 -0.9 -0.8
0.08 -0.9 -0.7
0.08 -0.9 -0.6
0.08 -0.9 -0.5
0.08 -0.9 -0.4
0.08 -0.9 -0.3
0.08 -0.9 -0.2
0.08 -0.9 -0.1
0.08 -0.9 0
0.08 -0.9 0.1
0.08 -0.9 0.2
0.08 -0.9 0.3
0.08 -0.9 0.4
0.08 -0.9 0.5
0.08 -0.9 0.6
0.08 -0.9 0.7
0.08 -0.9 0.8
0.08 -0.9 0.9
0.08 -0.9 1
0.08 -0.8 -1
0.08 -0.8 -0.9
0.08 -0.8 -0.8
0.08 -0.8 -0.7
0.08 -0.8 -0.6
0.08 -0.8 -0.5
0.08 -0.8 -0.4
0.08 -0.8 -0.3
0.08 -0.8 -0.2
0.08 -0.8 -0.1
0.08 -0.8 0
0.08 -0.8 0.1
0.08 -0.8 0.2
0.08 -0.8 0.3
0.08 -0.8 0.4
0.08 -0.8 0.5
0.08 -0.8 0.6
0.08 -0.8 0.7
0.08 -0.8 0.8
0.08 -0.8 0.9
0.08 -0.8 1
0.08 -0.7 -1
0.08 -0.7 -0.9
0.08 -0.7 -0.8
0.08 -0.7 -0.7
0.08 -0.7 -0.6
0.08 -0.7 -0.5
0.08 -0.7 -0.4
0.08 -0.7 -0.3
0.08 -0.7 -0.2
0.08 -0.7 -0.1
0.08 -0.7 0
0.08 -0.7 0.1
0.08 -0.7 0.2
0.08 -0.7 0.3
0.08 -0.7 0.4
0.08 -0.7 0.5
0.08 -0.7 0.6
0.08 -0.7 0.7
0.08 -0.7 0.8
0.08 -0.7 0.9
0.08 -0.7 1
0.08 -0.6 -1
0.08 -0.6 -0.9
0.08 -0.6 -0.8
0.08 -0.6 -0.7
0.08 -0.6 -0.6
0.08 -0.6 -0.5
0.08 -0.6 -0.4
0.08 -0.6 -0.3
0.08 -0.6 -0.2
0.08 -0.6 -0.1
0.08 -0.6 0
0.08 -0.6 0.1
0.08 -0.6 0.2
0.08 -0.6 0.3
0.08 -0.6 0.4
0.08 -0.6 0.5
0.08 -0.6 0.6
0.08 -0.6 0.7
0.08 -0.6 0.8
0.08 -0.6 0.9
0.08 -0.6 1
0.08 -0.5 -1
0.08 -0.5 -0.9
0.08 -0.5 -0.8
0.08 -0.5 -0.7
0.08 -0.5 -0.6
0.08 -0.5 -0.5
0.08 -0.5 -0.4
0.08 -0.5 -0.3
0.08 -0.5 -0.2
0.08 -0.5 -0.1
0.08 -0.5 0
0.08 -0.5 0.1
0.08 -0.5 0.2
0.08 -0.5 0.3
0.08 -0.5 0.4
0.08 -0.5 0.5
0.08 -0.5 0.6
0.08 -0.5 0.7
0.08 -0.5 0.8
0.08 -0.5 0.9
0.08 -0.5 1
0.08 -0.4 -1
0.08 -0.4 -0.9
0.08 -0.4 -0.8
0.08 -0.4 -0.7
0.08 -0.4 -0.6
0.08 -0.4 -0.5
0.08 -0.4 -0.4
0.08 -0.4 -0.3
0.08 -0.4 -0.2
0.08 -0.4 -0.1
0.08 -0.4 0
0.08 -0.4 0.1
0.08 -0.4 0.2
0.08 -0.4 0.3
0.08 -0.4 0.4
0.08 -0.4 0.5
0.08 -0.4 0.6
0.08 -0.4 0.7
0.08 -0.4 0.8
0.08 -0.4 0.9
0.08 -0.4 1
0.08 -0.3 -1
0.08 -0.3 -0.9
0.08 -0.3 -0.8
0.08 -0.3 -0.7
0.08 -0.3 -0.6
0.08 -0.3 -0.5
0.08 -0.3 -0.4
0.08 -0.3 -0.3
0.08 -0.3 -0.2
0.08 -0.3 -0.1
0.08 -0.3 0
0.08 -0.3 0.1
0.08 -0.3 0.2
0.08 -0.3 0.3
0.08 -0.3 0.4
0.08 -0.3 0.5
0.08 -0.3 0.6
0.08 -0.3 0.7
0.08 -0.3 0.8
0.08 -0.3 0.9
0.08 -0.3 1
0.08 -0.2 -1
0.08 -0.2 -0.9
0.08 -0.2 -0.8
0.08 -0.2 -0.7
0.08 -0.2 -0.6
0.08 -0.2 -0.5
0.08 -0.2 -0.4
0.08 -0.2 -0.3
0.08 -0.2 -0.2
0.08 -0.2 -0.1
0.08 -0.2 0
0.08 -0.2 0.1
0.08 -0.2 0.2
0.08 -0.2 0.3
0.08 -0.2 0.4
0.08 -0.2 0.5
0.08 -0.2 0.6
0.08 -0.2 0.7
0.08 -0.2 0.8
0.08 -0.2 0.9
0.08 -0.2 1
0.08 -0.1 -1
0.08 -0.1 -0.9
0.08 -0.1 -0.8
0.08 -0.1 -0.7
0.08 -0.1 -0.6
0.08 -0.1 -0.5
0.08 -0.1 -0.4
0.08 -0.1 -0.3
0.08 -0.1 -0.2
0.08 -0.1 -0.1
0.08 -0.1 0
0.08 -0.1 0.1
0.08 -0.1 0.2
0.08 -0.1 0.3
0.08 -0.1 0.4
0.08 -0.1 0.5
0.08 -0.1 0.6
0.08 -0.1 0.7
0.08 -0.1 0.8
0.08 -0.1 0.9
0.08 -0.1 1
0.08 0 -1
0.08 0 -0.9
0.08 0 -0.8
0.08 0 -0.7
0.08 0 -0.6
0.08 0 -0.5
0.08 0 -0.4
0.08 0 -0.3
0.08 0 -0.2
0.08 0 -0.1
0.08 0 0
0.08 0 0.1
0.08 0 0.2
0.08 0 0.3
0.08 0 0.4
0.08 0 0.5
0.08 0 0.6
0.08 0 0.7
0.08 0 0.8
0.08 0 0.9
0.08 0 1
0.08 0.1 -1
0.08 0.1 -0.9
0.08 0.1 -0.8
0.08 0.1 -0.7
0.08 0.1 -0.6
0.08 0.1 -0.5
0.08 0.1 -0.4
0.08 0.1 -0.3
0.08 0.1 -0.2
0.08 0.1 -0.1
0.08 0.1 0
0.08 0.1 0.1
0.08 0.1 0.2
0.08 0.1 0.3
0.08 0.1 0.4
0.08 0.1 0.5
0.08 0.1 0.6
0.08 0.1 0.7
0.08 0.1 0.8
0.08 0.1 0.9
0.08 0.1 1
0.08 0.2 -1
0.08 0.2 -0.9
0.08 0.2 -0.8
0.08 0.2 -0.7
0.08 0.2 -0.6
0.08 0.2 -0.5
0.08 0.2 -0.4
0.08 0.2 -0.3
0.08 0.2 -0.2
0.08 0.2 -0.1
0.08 0.2 0
0.08 0.2 0.1
0.08 0.2 0.2
0.08 0.2 0.3
0.08 0.2 0.4
0.08 0.2 0.5
0.08 0.2 0.6
0.08 0.2 0.7
0.08 0.2 0.8
0.08 0.2 0.9
0.08 0.2 1
0.08 0.3 -1
0.08 0.3 -0.9
0.08 0.3 -0.8
0.08 0.3 -0.7
0.08 0.3 -0.6
0.08 0.3 -0.5
0.08 0.3 -0.4
0.08 0.3 -0.3
0.08 0.3 -0.2
0.08 0.3 -0.1
0.08 0.3 0
0.08 0.3 0.1
0.08 0.3 0.2
0.08 0.3 0.3
0.08 0.3 0.4
0.08 0.3 0.5
0.08 0.3 0.6
0.08 0.3 0.7
0.08 0.3 0.8
0.08 0.3 0.9
0.08 0.3 1
0.08 0.4 -1
0.08 0.4 -0.9
0.08 0.4 -0.8
0.08 0.4 -0.7
0.08 0.4 -0.6
0.08 0.4 -0.5
0.08 0.4 -0.4
0.08 0.4 -0.3
0.08 0.4 -0.2
0.08 0.4 -0.1
0.08 0.4 0
0.08 0.4 0.1
0.08 0.4 0.2
0.08 0.4 0.3
0.08 0.4 0.4
0.08 0.4 0.5
0.08 0.4 0.6
0.08 0.4 0.7
0.08 0.4 0.8
0.08 0.4 0.9
0.08 0.4 1
0.08 0.5 -1
0.08 0.5 -0.9
0.08 0.5 -0.8
0.08 0.5 -0.7
0.08 0.5 -0.6
0.08 0.5 -0.5
0.08 0.5 -0.4
0.08 0.5 -0.3
0.08 0.5 -0.2
0.08 0.5 -0.1
0.08 0.5 0
0.08 0.5 0.1
0.08 0.5 0.2
0.08 0.5 0.3
0.08 0.5 0.4
0.08 0.5 0.5
0.08 0.5 0.6
0.08 0.5 0.7
0.08 0.5 0.8
0.08 0.5 0.9
0.08 0.5 1
0.08 0.6 -1
0.08 0.6 -0.9
0.08 0.6 -0.8
0.08 0.6 -0.7
0.08 0.6 -0.6
0.08 0.6 -0.5
0.08 0.6 -0.4
0.08 0.6 -0.3
0.08 0.6 -0.2
0.08 0.6 -0.1
0.08 0.6 0
0.08 0.6 0.1
0.08 0.6 0.2
0.08 0.6 0.3
0.08 0.6 0.4
0.08 0.6 0.5
0.08 0.6 0.6
0.08 0.6 0.7
0.08 0.6 0.8
0.08 0.6 0.9
0.08 0.6 1
0.08 0.7 -1
0.08 0.7 -0.9
0.08 0.7 -0.8
0.08 0.7 -0.7
0.08 0.7 -0.6
0.08 0.7 -0.5
0.08 0.7 -0.4
0.08 0.7 -0.3
0.08 0.7 -0.2
0.08 0.7 -0.1
0.08 0.7 0
0.08 0.7 0.1
0.08 0.7 0.2
0.08 0.7 0.3
0.08 0.7 0.4
0.08 0.7 0.5
0.08 0.7 0.6
0.08 0.7 0.7
0.08 0.7 0.8
0.08 0.7 0.9
0.08 0.7 1
0.08 0.8 -1
0.08 0.8 -0.9
0.08 0.8 -0.8
0.08 0.8 -0.7
0.08 0.8 -0.6
0.08 0.8 -0.5
0.08 0.8 -0.4
0.08 0.8 -0.3
0.08 0.8 -0.2
0.08 0.8 -0.1
0.08 0.8 0
0.08 0.8 0.1
0.08 0.8 0.2
0.08 0.8 0.3
0.08 0.8 0.4
0.08 0.8 0.5
0.08 0.8 0.6
0.08 0.8 0.7
0.08 0.8 0.8
0.08 0.8 0.9
0.08 0.8 1
0.08 0.9 -1
0.08 0.9 -0.9
0.08 0.9 -0.8
0.08 0.9 -0.7
0.08 0.9 -0.6
0.08 0.9 -0.5
0.08 0.9 -0.4
0.08 0.9 -0.3
0.08 0.9 -0.2
0.08 0.9 -0.1
0.08 0.9 0
0.08 0.9 0.1
0.08 0.9 0.2
0.08 0.9 0.3
0.08 0.9 0.4
0.08 0.9 0.5
0.08 0.9 0.6
0.08 0.9 0.7
0.08 0.9 0.8
0.08 0.9 0.9
0.08 0.9 1
0.08 1 -1
0.08 1 -0.9
0.08 1 -0.8
0.08 1 -0.7
0.08 1 -0.6
0.08 1 -0.5
0.08 1 -0.4
0.08 1 -0.3
0.08 1 -0.2
0.08 1 -0.1
0.08 1 0
0.08 1 0.1
0.08 1 0.2
0.08 1 0.3
0.08 1 0.4
0.08 1 0.5
0.08 1 0.6
0.08 1 0.7
0.08 1 0.8
0.08 1 0.9
0.08 1 1
0.09 -1 -1
0.09 -1 -0.9
0.09 -1 -0.8
0.09 -1 -0.7
0.09 -1 -0.6
0.09 -1 -0.5
0.09 -1 -0.4
0.09 -1 -0.3
0.09 -1 -0.2
0.09 -1 -0.1
0.09 -1 0
0.09 -1 0.1
0.09 -1 0.2
0.09 -1 0.3
0.09 -1 0.4
0.09 -1 0.5
0.09 -1 0.6
0.09 -1 0.7
0.09 -1 0.8
0.09 -1 0.9
0.09 -1 1
0.09 -0.9 -1
0.09 -0.9 -0.9
0.09 -0.9 -0.8
0.09 -0.9 -0.7
0.09 -0.9 -0.6
0.09 -0.9 -0.5
0.09 -0.9 -0.4
0.09 -0.9 -0.3
0.09 -0.9 -0.2
0.09 -0.9 -0.1
0.09 -0.9 0
0.09 -0.9 0.1
0.09 -0.9 0.2
0.09 -0.9 0.3
0.09 -0.9 0.4
0.09 -0.9 0.5
0.09 -0.9 0.6
0.09 -0.9 0.7
0.09 -0.9 0.8
0.09 -0.9 0.9
0.09 -0.9 1
0.09 -0.8 -1
0.09 -0.8 -0.9
0.09 -0.8 -0.8
0.09 -0.8 -0.7
0.09 -0.8 -0.6
0.09 -0.8 -0.5
0.09 -0.8 -0.4
0.09 -0.8 -0.3
0.09 -0.8 -0.2
0.09 -0.8 -0.1
0.09 -0.8 0
0.09 -0.8 0.1
0.09 -0.8 0.2
0.09 -0.8 0.3
0.09 -0.8 0.4
0.09 -0.8 0.5
0.09 -0.8 0.6
0.09 -0.8 0.7
0.09 -0.8 0.8
0.09 -0.8 0.9
0.09 -0.8 1
0.09 -0.7 -1
0.09 -0.7 -0.9
0.09 -0.7 -0.8
0.09 -0.7 -0.7
0.09 -0.7 -0.6
0.09 -0.7 -0.5
0.09 -0.7 -0.4
0.09 -0.7 -0.3
0.09 -0.7 -0.2
0.09 -0.7 -0.1
0.09 -0.7 0
0.09 -0.7 0.1
0.09 -0.7 0.2
0.09 -0.7 0.3
0.09 -0.7 0.4
0.09 -0.7 0.5
0.09 -0.7 0.6
0.09 -0.7 0.7
0.09 -0.7 0.8
0.09 -0.7 0.9
0.09 -0.7 1
0.09 -0.6 -1
0.09 -0.6 -0.9
0.09 -0.6 -0.8
0.09 -0.6 -0.7
0.09 -0.6 -0.6
0.09 -0.6 -0.5
0.09 -0.6 -0.4
0.09 -0.6 -0.3
0.09 -0.6 -0.2
0.09 -0.6 -0.1
0.09 -0.6 0
0.09 -0.6 0.1
0.09 -0.6 0.2
0.09 -0.6 0.3
0.09 -0.6 0.4
0.09 -0.6 0.5
0.09 -0.6 0.6
0.09 -0.6 0.7
0.09 -0.6 0.8
0.09 -0.6 0.9
0.09 -0.6 1
0.09 -0.5 -1
0.09 -0.5 -0.9
0.09 -0.5 -0.8
0.09 -0.5 -0.7
0.09 -0.5 -0.6
0.09 -0.5 -0.5
0.09 -0.5 -0.4
0.09 -0.5 -0.3
0.09 -0.5 -0.2
0.09 -0.5 -0.1
0.09 -0.5 0
0.09 -0.5 0.1
0.09 -0.5 0.2
0.09 -0.5 0.3
0.09 -0.5 0.4
0.09 -0.5 0.5
0.09 -0.5 0.6
0.09 -0.5 0.7
0.09 -0.5 0.8
0.09 -0.5 0.9
0.09 -0.5 1
0.09 -0.4 -1
0.09 -0.4 -0.9
0.09 -0.4 -0.8
0.09 -0.4 -0.7
0.09 -0.4 -0.6
0.09 -0.4 -0.5
0.09 -0.4 -0.4
0.09 -0.4 -0.3
0.09 -0.4 -0.2
0.09 -0.4 -0.1
0.09 -0.4 0
0.09 -0.4 0.1
0.09 -0.4 0.2
0.09 -0.4 0.3
0.09 -0.4 0.4
0.09 -0.4 0.5
0.09 -0.4 0.6
0.09 -0.4 0.7
0.09 -0.4 0.8
0.09 -0.4 0.9
0.09 -0.4 1
0.09 -0.3 -1
0.09 -0.3 -0.9
0.09 -0.3 -0.8
0.09 -0.3 -0.7
0.09 -0.3 -0.6
0.09 -0.3 -0.5
0.09 -0.3 -0.4
0.09 -0.3 -0.3
0.09 -0.3 -0.2
0.09 -0.3 -0.1
0.09 -0.3 0
0.09 -0.3 0.1
0.09 -0.3 0.2
0.09 -0.3 0.3
0.09 -0.3 0.4
0.09 -0.3 0.5
0.09 -0.3 0.6
0.09 -0.3 0.7
0.09 -0.3 0.8
0.09 -0.3 0.9
0.09 -0.3 1
0.09 -0.2 -1
0.09 -0.2 -0.9
0.09 -0.2 -0.8
0.09 -0.2 -0.7
0.09 -0.2 -0.6
0.09 -0.2 -0.5
0.09 -0.2 -0.4
0.09 -0.2 -0.3
0.09 -0.2 -0.2
0.09 -0.2 -0.1
0.09 -0.2 0
0.09 -0.2 0.1
0.09 -0.2 0.2
0.09 -0.2 0.3
0.09 -0.2 0.4
0.09 -0.2 0.5
0.09 -0.2 0.6
0.09 -0.2 0.7
0.09 -0.2 0.8
0.09 -0.2 0.9
0.09 -0.2 1
0.09 -0.1 -1
0.09 -0.1 -0.9
0.09 -0.1 -0.8
0.09 -0.1 -0.7
0.09 -0.1 -0.6
0.09 -0.1 -0.5
0.09 -0.1 -0.4
0.09 -0.1 -0.3
0.09 -0.1 -0.2
0.09 -0.1 -0.1
0.09 -0.1 0
0.09 -0.1 0.1
0.09 -0.1 0.2
0.09 -0.1 0.3
0.09 -0.1 0.4
0.09 -0.1 0.5
0.09 -0.1 0.6
0.09 -0.1 0.7
0.09 -0.1 0.8
0.09 -0.1 0.9
0.09 -0.1 1
0.09 0 -1
0.09 0 -0.9
0.09 0 -0.8
0.09 0 -0.7
0.09 0 -0.6
0.09 0 -0.5
0.09 0 -0.4
0.09 0 -0.3
0.09 0 -0.2
0.09 0 -0.1
0.09 0 0
0.09 0 0.1
0.09 0 0.2
0.09 0 0.3
0.09 0 0.4
0.09 0 0.5
0.09 0 0.6
0.09 0 0.7
0.09 0 0.8
0.09 0 0.9
0.09 0 1
0.09 0.1 -1
0.09 0.1 -0.9
0.09 0.1 -0.8
0.09 0.1 -0.7
0.09 0.1 -0.6
0.09 0.1 -0.5
0.09 0.1 -0.4
0.09 0.1 -0.3
0.09 0.1 -0.2
0.09 0.1 -0.1
0.09 0.1 0
0.09 0.1 0.1
0.09 0.1 0.2
0.09 0.1 0.3
0.09 0.1 0.4
0.09 0.1 0.5
0.09 0.1 0.6
0.09 0.1 0.7
0.09 0.1 0.8
0.09 0.1 0.9
0.09 0.1 1
0.09 0.2 -1
0.09 0.2 -0.9
0.09 0.2 -0.8
0.09 0.2 -0.7
0.09 0.2 -0.6
0.09 0.2 -0.5
0.09 0.2 -0.4
0.09 0.2 -0.3
0.09 0.2 -0.2
0.09 0.2 -0.1
0.09 0.2 0
0.09 0.2 0.1
0.09 0.2 0.2
0.09 0.2 0.3
0.09 0.2 0.4
0.09 0.2 0.5
0.09 0.2 0.6
0.09 0.2 0.7
0.09 0.2 0.8
0.09 0.2 0.9
0.09 0.2 1
0.09 0.3 -1
0.09 0.3 -0.9
0.09 0.3 -0.8
0.09 0.3 -0.7
0.09 0.3 -0.6
0.09 0.3 -0.5
0.09 0.3 -0.4
0.09 0.3 -0.3
0.09 0.3 -0.2
0.09 0.3 -0.1
0.09 0.3 0
0.09 0.3 0.1
0.09 0.3 0.2
0.09 0.3 0.3
0.09 0.3 0.4
0.09 0.3 0.5
0.09 0.3 0.6
0.09 0.3 0.7
0.09 0.3 0.8
0.09 0.3 0.9
0.09 0.3 1
0.09 0.4 -1
0.09 0.4 -0.9
0.09 0.4 -0.8
0.09 0.4 -0.7
0.09 0.4 -0.6
0.09 0.4 -0.5
0.09 0.4 -0.4
0.09 0.4 -0.3
0.09 0.4 -0.2
0.09 0.4 -0.1
0.09 0.4 0
0.09 0.4 0.1
0.09 0.4 0.2
0.09 0.4 0.3
0.09 0.4 0.4
0.09 0.4 0.5
0.09 0.4 0.6
0.09 0.4 0.7
0.09 0.4 0.8
0.09 0.4 0.9
0.09 0.4 1
0.09 0.5 -1
0.09 0.5 -0.9
0.09 0.5 -0.8
0.09 0.5 -0.7
0.09 0.5 -0.6
0.09 0.5 -0.5
0.09 0.5 -0.4
0.09 0.5 -0.3
0.09 0.5 -0.2
0.09 0.5 -0.1
0.09 0.5 0
0.09 0.5 0.1
0.09 0.5 0.2
0.09 0.5 0.3
0.09 0.5 0.4
0.09 0.5 0.5
0.09 0.5 0.6
0.09 0.5 0.7
0.09 0.5 0.8
0.09 0.5 0.9
0.09 0.5 1
0.09 0.6 -1
0.09 0.6 -0.9
0.09 0.6 -0.8
0.09 0.6 -0.7
0.09 0.6 -0.6
0.09 0.6 -0.5
0.09 0.6 -0.4
0.09 0.6 -0.3
0.09 0.6 -0.2
0.09 0.6 -0.1
0.09 0.6 0
0.09 0.6 0.1
0.09 0.6 0.2
0.09 0.6 0.3
0.09 0.6 0.4
0.09 0.6 0.5
0.09 0.6 0.6
0.09 0.6 0.7
0.09 0.6 0.8
0.09 0.6 0.9
0.09 0.6 1
0.09 0.7 -1
0.09 0.7 -0.9
0.09 0.7 -0.8
0.09 0.7 -0.7
0.09 0.7 -0.6
0.09 0.7 -0.5
0.09 0.7 -0.4
0.09 0.7 -0.3
0.09 0.7 -0.2
0.09 0.7 -0.1
0.09 0.7 0
0.09 0.7 0.1
0.09 0.7 0.2
0.09 0.7 0.3
0.09 0.7 0.4
0.09 0.7 0.5
0.09 0.7 0.6
0.09 0.7 0.7
0.09 0.7 0.8
0.09 0.7 0.9
0.09 0.7 1
0.09 0.8 -1
0.09 0.8 -0.9
0.09 0.8 -0.8
0.09 0.8 -0.7
0.09 0.8 -0.6
0.09 0.8 -0.5
0.09 0.8 -0.4
0.09 0.8 -0.3
0.09 0.8 -0.2
0.09 0.8 -0.1
0.09 0.8 0
0.09 0.8 0.1
0.09 0.8 0.2
0.09 0.8 0.3
0.09 0.8 0.4
0.09 0.8 0.5
0.09 0.8 0.6
0.09 0.8 0.7
0.09 0.8 0.8
0.09 0.8 0.9
0.09 0.8 1
0.09 0.9 -1
0.09 0.9 -0.9
0.09 0.9 -0.8
0.09 0.9 -0.7
0.09 0.9 -0.6
0.09 0.9 -0.5
0.09 0.9 -0.4
0.09 0.9 -0.3
0.09 0.9 -0.2
0.09 0.9 -0.1
0.09 0.9 0
0.09 0.9 0.1
0.09 0.9 0.2
0.09 0.9 0.3
0.09 0.9 0.4
0.09 0.9 0.5
0.09 0.9 0.6
0.09 0.9 0.7
0.09 0.9 0.8
0.09 0.9 0.9
0.09 0.9 1
0.09 1 -1
0.09 1 -0.9
0.09 1 -0.8
0.09 1 -0.7
0.09 1 -0.6
0.09 1 -0.5
0.09 1 -0.4
0.09 1 -0.3
0.09 1 -0.2
0.09 1 -0.1
0.09 1 0
0.09 1 0.1
0.09 1 0.2
0.09 1 0.3
0.09 1 0.4
0.09 1 0.5
0.09 1 0.6
0.09 1 0.7
0.09 1 0.8
0.09 1 0.9
0.09 1 1
0.1 -1 -1
0.1 -1 -0.9
0.1 -1 -0.8
0.1 -1 -0.7
0.1 -1 -0.6
0.1 -1 -0.5
0.1 -1 -0.4
0.1 -1 -0.3
0.1 -1 -0.2
0.1 -1 -0.1
0.1 -1 0
0.1 -1 0.1
0.1 -1 0.2
0.1 -1 0.3
0.1 -1 0.4
0.1 -1 0.5
0.1 -1 0.6
0.1 -1 0.7
0.1 -1 0.8
0.1 -1 0.9
0.1 -1 1
0.1 -0.9 -1
0.1 -0.9 -0.9
0.1 -0.9 -0.8
0.1 -0.9 -0.7
0.1 -0.9 -0.6
0.1 -0.9 -0.5
0.1 -0.9 -0.4
0.1 -0.9 -0.3
0.1 -0.9 -0.2
0.1 -0.9 -0.1
0.1 -0.9 0
0.1 -0.9 0.1
0.1 -0.9 0.2
0.1 -0.9 0.3
0.1 -0.9 0.4
0.1 -0.9 0.5
0.1 -0.9 0.6
0.1 -0.9 0.7
0.1 -0.9 0.8
0.1 -0.9 0.9
0.1 -0.9 1
0.1 -0.8 -1
0.1 -0.8 -0.9
0.1 -0.8 -0.8
0.1 -0.8 -0.7
0.1 -0.8 -0.6
0.1 -0.8 -0.5
0.1 -0.8 -0.4
0.1 -0.8 -0.3
0.1 -0.8 -0.2
0.1 -0.8 -0.1
0.1 -0.8 0
0.1 -0.8 0.1
0.1 -0.8 0.2
0.1 -0.8 0.3
0.1 -0.8 0.4
0.1 -0.8 0.5
0.1 -0.8 0.6
0.1 -0.8 0.7
0.1 -0.8 0.8
0.1 -0.8 0.9
0.1 -0.8 1
0.1 -0.7 -1
0.1 -0.7 -0.9
0.1 -0.7 -0.8
0.1 -0.7 -0.7
0.1 -0.7 -0.6
0.1 -0.7 -0.5
0.1 -0.7 -0.4
0.1 -0.7 -0.3
0.1 -0.7 -0.2
0.1 -0.7 -0.1
0.1 -0.7 0
0.1 -0.7 0.1
0.1 -0.7 0.2
0.1 -0.7 0.3
0.1 -0.7 0.4
0.1 -0.7 0.5
0.1 -0.7 0.6
0.1 -0.7 0.7
0.1 -0.7 0.8
0.1 -0.7 0.9
0.1 -0.7 1
0.1 -0.6 -1
0.1 -0.6 -0.9
0.1 -0.6 -0.8
0.1 -0.6 -0.7
0.1 -0.6 -0.6
0.1 -0.6 -0.5
0.1 -0.6 -0.4
0.1 -0.6 -0.3
0.1 -0.6 -0.2
0.1 -0.6 -0.1
0.1 -0.6 0
0.1 -0.6 0.1
0.1 -0.6 0.2
0.1 -0.6 0.3
0.1 -0.6 0.4
0.1 -0.6 0.5
0.1 -0.6 0.6
0.1 -0.6 0.7
0.1 -0.6 0.8
0.1 -0.6 0.9
0.1 -0.6 1
0.1 -0.5 -1
0.1 -0.5 -0.9
0.1 -0.5 -0.8
0.1 -0.5 -0.7
0.1 -0.5 -0.6
0.1 -0.5 -0.5
0.1 -0.5 -0.4
0.1 -0.5 -0.3
0.1 -0.5 -0.2
0.1 -0.5 -0.1
0.1 -0.5 0
0.1 -0.5 0.1
0.1 -0.5 0.2
0.1 -0.5 0.3
0.1 -0.5 0.4
0.1 -0.5 0.5
0.1 -0.5 0.6
0.1 -0.5 0.7
0.1 -0.5 0.8
0.1 -0.5 0.9
0.1 -0.5 1
0.1 -0.4 -1
0.1 -0.4 -0.9
0.1 -0.4 -0.8
0.1 -0.4 -0.7
0.1 -0.4 -0.6
0.1 -0.4 -0.5
0.1 -0.4 -0.4
0.1 -0.4 -0.3
0.1 -0.4 -0.2
0.1 -0.4 -0.1
0.1 -0.4 0
0.1 -0.4 0.1
0.1 -0.4 0.2
0.1 -0.4 0.3
0.1 -0.4 0.4
0.1 -0.4 0.5
0.1 -0.4 0.6
0.1 -0.4 0.7
0.1 -0.4 0.8
0.1 -0.4 0.9
0.1 -0.4 1
0.1 -0.3 -1
0.1 -0.3 -0.9
0.1 -0.3 -0.8
0.1 -0.3 -0.7
0.1 -0.3 -0.6
0.1 -0.3 -0.5
0.1 -0.3 -0.4
0.1 -0.3 -0.3
0.1 -0.3 -0.2
0.1 -0.3 -0.1
0.1 -0.3 0
0.1 -0.3 0.1
0.1 -0.3 0.2
0.1 -0.3 0.3
0.1 -0.3 0.4
0.1 -0.3 0.5
0.1 -0.3 0.6
0.1 -0.3 0.7
0.1 -0.3 0.8
0.1 -0.3 0.9
0.1 -0.3 1
0.1 -0.2 -1
0.1 -0.2 -0.9
0.1 -0.2 -0.8
0.1 -0.2 -0.7
0.1 -0.2 -0.6
0.1 -0.2 -0.5
0.1 -0.2 -0.4
0.1 -0.2 -0.3
0.1 -0.2 -0.2
0.1 -0.2 -0.1
0.1 -0.2 0
0.1 -0.2 0.1
0.1 -0.2 0.2
0.1 -0.2 0.3
0.1 -0.2 0.4
0.1 -0.2 0.5
0.1 -0.2 0.6
0.1 -0.2 0.7
0.1 -0.2 0.8
0.1 -0.2 0.9
0.1 -0.2 1
0.1 -0.1 -1
0.1 -0.1 -0.9
0.1 -0.1 -0.8
0.1 -0.1 -0.7
0.1 -0.1 -0.6
0.1 -0.1 -0.5
0.1 -0.1 -0.4
0.1 -0.1 -0.3
0.1 -0.1 -0.2
0.1 -0.1 -0.1
0.1 -0.1 0
0.1 -0.1 0.1
0.1 -0.1 0.2
0.1 -0.1 0.3
0.1 -0.1 0.4
0.1 -0.1 0.5
0.1 -0.1 0.6
0.1 -0.1 0.7
0.1 -0.1 0.8
0.1 -0.1 0.9
0.1 -0.1 1
0.1 0 -1
0.1 0 -0.9
0.1 0 -0.8
0.1 0 -0.7
0.1 0 -0.6
0.1 0 -0.5
0.1 0 -0.4
0.1 0 -0.3
0.1 0 -0.2
0.1 0 -0.1
0.1 0 0
0.1 0 0.1
0.1 0 0.2
0.1 0 0.3
0.1 0 0.4
0.1 0 0.5
0.1 0 0.6
0.1 0 0.7
0.1 0 0.8
0.1 0 0.9
0.1 0 1
0.1 0.1 -1
0.1 0.1 -0.9
0.1 0.1 -0.8
0.1 0.1 -0.7
0.1 0.1 -0.6
0.1 0.1 -0.5
0.1 0.1 -0.4
0.1 0.1 -0.3
0.1 0.1 -0.2
0.1 0.1 -0.1
0.1 0.1 0
0.1 0.1 0.1
0.1 0.1 0.2
0.1 0.1 0.3
0.1 0.1 0.4
0.1 0.1 0.5
0.1 0.1 0.6
0.1 0.1 0.7
0.1 0.1 0.8
0.1 0.1 0.9
0.1 0.1 1
0.1 0.2 -1
0.1 0.2 -0.9
0.1 0.2 -0.8
0.1 0.2 -0.7
0.1 0.2 -0.6
0.1 0.2 -0.5
0.1 0.2 -0.4
0.1 0.2 -0.3
0.1 0.2 -0.2
0.1 0.2 -0.1
0.1 0.2 0
0.1 0.2 0.1
0.1 0.2 0.2
0.1 0.2 0.3
0.1 0.2 0.4
0.1 0.2 0.5
0.1 0.2 0.6
0.1 0.2 0.7
0.1 0.2 0.8
0.1 0.2 0.9
0.1 0.2 1
0.1 0.3 -1
0.1 0.3 -0.9
0.1 0.3 -0.8
0.1 0.3 -0.7
0.1 0.3 -0.6
0.1 0.3 -0.5
0.1 0.3 -0.4
0.1 0.3 -0.3
0.1 0.3 -0.2
0.1 0.3 -0.1
0.1 0.3 0
0.1 0.3 0.1
0.1 0.3 0.2
0.1 0.3 0.3
0.1 0.3 0.4
0.1 0.3 0.5
0.1 0.3 0.6
0.1 0.3 0.7
0.1 0.3 0.8
0.1 0.3 0.9
0.1 0.3 1
0.1 0.4 -1
0.1 0.4 -0.9
0.1 0.4 -0.8
0.1 0.4 -0.7
0.1 0.4 -0.6
0.1 0.4 -0.5
0.1 0.4 -0.4
0.1 0.4 -0.3
0.1 0.4 -0.2
0.1 0.4 -0.1
0.1 0.4 0
0.1 0.4 0.1
0.1 0.4 0.2
0.1 0.4 0.3
0.1 0.4 0.4
0.1 0.4 0.5
0.1 0.4 0.6
0.1 0.4 0.7
0.1 0.4 0.8
0.1 0.4 0.9
0.1 0.4 1
0.1 0.5 -1
0.1 0.5 -0.9
0.1 0.5 -0.8
0.1 0.5 -0.7
0.1 0.5 -0.6
0.1 0.5 -0.5
0.1 0.5 -0.4
0.1 0.5 -0.3
0.1 0.5 -0.2
0.1 0.5 -0.1
0.1 0.5 0
0.1 0.5 0.1
0.1 0.5 0.2
0.1 0.5 0.3
0.1 0.5 0.4
0.1 0.5 0.5
0.1 0.5 0.6
0.1 0.5 0.7
0.1 0.5 0.8
0.1 0.5 0.9
0.1 0.5 1
0.1 0.6 -1
0.1 0.6 -0.9
0.1 0.6 -0.8
0.1 0.6 -0.7
0.1 0.6 -0.6
0.1 0.6 -0.5
0.1 0.6 -0.4
0.1 0.6 -0.3
0.1 0.6 -0.2
0.1 0.6 -0.1
0.1 0.6 0
0.1 0.6 0.1
0.1 0.6 0.2
0.1 0.6 0.3
0.1 0.6 0.4
0.1 0.6 0.5
0.1 0.6 0.6
0.1 0.6 0.7
0.1 0.6 0.8
0.1 0.6 0.9
0.1 0.6 1
0.1 0.7 -1
0.1 0.7 -0.9
0.1 0.7 -0.8
0.1 0.7 -0.7
0.1 0.7 -0.6
0.1 0.7 -0.5
0.1 0.7 -0.4
0.1 0.7 -0.3
0.1 0.7 -0.2
0.1 0.7 -0.1
0.1 0.7 0
0.1 0.7 0.1
0.1 0.7 0.2
0.1 0.7 0.3
0.1 0.7 0.4
0.1 0.7 0.5
0.1 0.7 0.6
0.1 0.7 0.7
0.1 0.7 0.8
0.1 0.7 0.9
0.1 0.7 1
0.1 0.8 -1
0.1 0.8 -0.9
0.1 0.8 -0.8
0.1 0.8 -0.7
0.1 0.8 -0.6
0.1 0.8 -0.5
0.1 0.8 -0.4
0.1 0.8 -0.3
0.1 0.8 -0.2
0.1 0.8 -0.1
0.1 0.8 0
0.1 0.8 0.1
0.1 0.8 0.2
0.1 0.8 0.3
0.1 0.8 0.4
0.1 0.8 0.5
0.1 0.8 0.6
0.1 0.8 0.7
0.1 0.8 0.8
0.1 0.8 0.9
0.1 0.8 1
0.1 0.9 -1
0.1 0.9 -0.9
0.1 0.9 -0.8
0.1 0.9 -0.7
0.1 0.9 -0.6
0.1 0.9 -0.5
0.1 0.9 -0.4
0.1 0.9 -0.3
0.1 0.9 -0.2
0.1 0.9 -0.1
0.1 0.9 0
0.1 0.9 0.1
0.1 0.9 0.2
0.1 0.9 0.3
0.1 0.9 0.4
0.1 0.9 0.5
0.1 0.9 0.6
0.1 0.9 0.7
0.1 0.9 0.8
0.1 0.9 0.9
0.1 0.9 1
0.1 1 -1
0.1 1 -0.9
0.1 1 -0.8
0.1 1 -0.7
0.1 1 -0.6
0.1 1 -0.5
0.1 1 -0.4
0.1 1 -0.3
0.1 1 -0.2
0.1 1 -0.1
0.1 1 0
0.1 1 0.1
0.1 1 0.2
0.1 1 0.3
0.1 1 0.4
0.1 1 0.5
0.1 1 0.6
0.1 1 0.7
0.1 1 0.8
0.1 1 0.9
0.1 1 1
